0.0948683298051 0.0
0.0963003268663 0.0
0.0977539393137 0.0
0.0992294934223 0.0
0.100727320392 0.0
0.102247756423 0.0
0.103791142788 0.0
0.105357825914 0.0
0.106948157454 0.0
0.108562494372 6.65353382877e-277
0.110201199019 1.20056240045e-272
0.111864639215 1.87084556625e-268
0.113553188333 2.52324190939e-264
0.115267225382 2.95175579703e-260
0.11700713509 3.00138363239e-256
0.118773307994 2.6581987155e-252
0.120566140527 2.05480239943e-248
0.122386035104 1.38914617275e-244
0.124233400214 8.22974924332e-241
0.126108650515 4.28093538653e-237
0.128012206921 1.95904368131e-233
0.129944496701 7.9018797189e-230
0.131905953573 2.81457434656e-226
0.133897017801 8.86939703234e-223
0.135918136297 2.47722601704e-219
0.137969762716 6.14337002353e-216
0.140052357562 1.35514252183e-212
0.142166388292 2.66352552589e-209
0.144312329415 4.67269499063e-206
0.146490662606 7.32910075625e-203
0.14870187681 1.02950801749e-199
0.150946468351 1.29722974282e-196
0.153224941046 1.4686352041e-193
0.155537806317 1.49627753955e-190
0.157885583304 1.37401855925e-187
0.160268798986 1.13900640726e-184
0.162687988294 8.53638102364e-182
0.165143694236 5.79277385979e-179
0.167636468013 3.56456005679e-176
0.170166869149 1.99188269431e-173
0.172735465614 1.01223774429e-170
0.175342833949 4.68463190832e-168
0.177989559399 1.97718225465e-165
0.180676236044 7.62063831885e-163
0.183403466929 2.68593617633e-160
0.186171864203 8.66836678528e-158
0.188982049256 2.56498655963e-155
0.191834652857 6.96786363548e-153
0.194730315294 1.73993531194e-150
0.197669686524 3.99879773317e-148
0.200653426311 8.46885162585e-146
0.203682204381 1.65480288911e-143
0.206756700566 2.98685908601e-141
0.209877604963 4.9858847896e-139
0.213045618083 7.70607961024e-137
0.216261451013 1.10404224665e-134
0.219525825573 1.46787356384e-132
0.222839474477 1.81311305833e-130
0.226203141501 2.08290638559e-128
0.229617581647 2.22787862225e-126
0.233083561314 2.22101518176e-124
0.236601858468 2.06587581501e-122
0.240173262821 1.79472237927e-120
0.243798576003 1.45771213668e-118
0.247478611744 1.10805717232e-116
0.251214196058 7.89035420897e-115
0.255006167428 5.26861445708e-113
0.258855376991 3.30200187624e-111
0.262762688735 1.94423340252e-109
0.266728979686 1.07649693767e-107
0.270755140111 5.61006176672e-106
0.274842073714 2.75425507754e-104
0.278990697841 1.27499286644e-102
0.283201943683 5.57003736917e-101
0.287476756488 2.29841925979e-99
0.291816095774 8.96581254942e-98
0.296220935539 3.30904220927e-96
0.300692264485 1.15644451795e-94
0.305231086239 3.83009383852e-93
0.309838419576 1.20310403171e-91
0.314515298648 3.587137147e-90
0.319262773219 1.01596934684e-88
0.324081908899 2.73547555014e-87
0.32897378738 7.00699051781e-86
0.333939506685 1.708829264e-84
0.33898018141 3.97055731078e-83
0.344096942974 8.79634803324e-82
0.349290939876 1.85934216229e-80
0.354563337951 3.75254120934e-79
0.359915320631 7.23601760044e-78
0.365348089211 1.33406214157e-76
0.370862863121 2.35312359772e-75
0.376460880196 3.97366521021e-74
0.382143396956 6.42831336293e-73
0.387911688888 9.96871603744e-72
0.393767050732 1.48282841663e-70
0.39971079677 2.11700104498e-69
0.405744261125 2.90265051889e-68
0.411868798057 3.82448532649e-67
0.418085782267 4.84521446957e-66
0.424396609208 5.90565577972e-65
0.430802695395 6.92927767639e-64
0.437305478727 7.83102108037e-63
0.443906418806 8.52906921842e-62
0.450606997266 8.9572836328e-61
0.457408718105 9.07564563842e-60
0.464313108026 8.87639929891e-59
0.471321716774 8.38460026535e-58
0.478436117488 7.65312611431e-57
0.485657907053 6.7534821227e-56
0.492988706458 5.76457276232e-55
0.50043016116 4.76180764967e-54
0.507983941453 3.80849679487e-53
0.515651742845 2.9506716696e-52
0.523435286435 2.21553771932e-51
0.531336319304 1.61298655144e-50
0.5393566149 1.13913459127e-49
0.547497973445 7.8074358246e-49
0.555762222332 5.1954643553e-48
0.564151216539 3.35825350097e-47
0.572666839042 2.10942216665e-46
0.581311001243 1.28812920816e-45
0.590085643394 7.65038803579e-45
0.598992735033 4.42094511045e-44
0.608034275429 2.48674496139e-43
0.61721229403 1.36209075878e-42
0.626528850915 7.26793681438e-42
0.635986037261 3.77933687723e-41
0.64558597581 1.91595801352e-40
0.655330821345 9.47297450703e-40
0.665222761176 4.56960210714e-39
0.675264015629 2.15140054676e-38
0.685456838544 9.88944458485e-38
0.695803517782 4.44001870724e-37
0.70630637574 1.94765579292e-36
0.716967769869 8.35033876359e-36
0.727790093205 3.50032367528e-35
0.738775774905 1.43506008379e-34
0.749927280795 5.75616339675e-34
0.76124711392 2.25963628955e-33
0.772737815108 8.68411398807e-33
0.78440196354 3.26836925549e-32
0.796242177329 1.20500926331e-31
0.808261114105 4.35347801013e-31
0.820461471616 1.54170073798e-30
0.832845988331 5.3531654579e-30
0.845417444055 1.82303623673e-29
0.858178660553 6.09086926894e-29
0.871132502182 1.99703662294e-28
0.884281876537 6.42742697442e-28
0.897629735102 2.03119880138e-27
0.911179073911 6.30448880265e-27
0.924932934222 1.92240878119e-26
0.938894403201 5.76042526587e-26
0.953066614612 1.69663770085e-25
0.967452749523 4.91315634338e-25
0.982056037016 1.39919566098e-24
0.99687975492 3.91967962688e-24
1.01192723054 1.0803965981e-23
1.02720184139 2.93076527299e-23
1.042707016 7.82613219644e-23
1.05844623461 2.05770552699e-22
1.07442303004 5.32830710077e-22
1.09064098839 1.35913889102e-21
1.10710374992 3.41589193747e-21
1.12381500982 8.46068988949e-21
1.14077851909 2.06568006117e-20
1.1579980853 4.97243161532e-20
1.17547757354 1.18036014089e-19
1.19322090722 2.7636963217e-19
1.21123206896 6.38388342081e-19
1.22951510153 1.4550766454e-18
1.24807410869 3.27325048872e-18
1.26691325616 7.26858599915e-18
1.28603677255 1.59360819904e-17
1.30544895028 3.45029695507e-17
1.32515414657 7.37829190666e-17
1.34515678441 1.55868934121e-16
1.36546135355 3.25346709463e-16
1.38607241153 6.71110398509e-16
1.40699458465 1.36829152101e-15
1.42823256907 2.75788217214e-15
1.44979113182 5.49615977377e-15
1.47167511191 1.08318496788e-14
1.49388942136 2.11143399561e-14
1.51643904636 4.07150443121e-14
1.53932904835 7.76791889925e-14
1.56256456517 1.46654581803e-13
1.58615081224 2.74028391413e-13
1.61009308366 5.06840419106e-13
1.63439675348 9.28086520255e-13
1.65906727686 1.68272072147e-12
1.68411019128 3.02138328276e-12
1.70953111784 5.3731962132e-12
1.73533576247 9.46574148118e-12
1.76152991722 1.65208611311e-11
1.78811946159 2.85710997501e-11
1.81511036382 4.89662345571e-11
1.84250868223 8.31764330927e-11
1.87032056659 1.40053897437e-10
1.89855225951 2.33796531532e-10
1.92721009782 3.86976578671e-10
1.956300514 6.35170051313e-10
1.98583003763 1.03397063837e-09
2.01580529686 1.66952375467e-09
2.04623301986 2.67421148724e-09
2.07712003639 4.24980902674e-09
2.10847327929 6.70138537368e-09
2.14029978605 1.04865232697e-08
2.17260670038 1.62861976243e-08
2.20540127384 2.51060202919e-08
2.23869086742 3.84197098445e-08
2.27248295325 5.83707981855e-08
2.30678511623 8.80540107791e-08
2.34160505576 1.31904779228e-07
2.37695058746 1.96234351961e-07
2.41282964492 2.8995941761e-07
2.44925028148 4.25589576475e-07
2.48622067204 6.20553994783e-07
2.52374911492 8.98970836995e-07
2.56184403367 1.29399034897e-06
2.60051397901 1.85087557945e-06
2.63976763071 2.63102455039e-06
2.67961379957 3.71718512032e-06
2.7200614294 5.22016973324e-06
2.76111959899 7.28744258215e-06
2.80279752416 1.01140272341e-05
2.84510455989 1.39562691287e-05
2.8880502023 1.91490850445e-05
2.93164409092 2.61274408393e-05
2.97589601073 3.54529193794e-05
3.02081589443 4.78463720387e-05
3.06641382466 6.42277884121e-05
3.11270003624 8.57646683356e-05
3.15968491848 0.000113930335626
3.20737901752 0.000150573791159
3.25579303869 0.000198002860192
3.3049378489 0.000259082540602
3.35482447911 0.000337350599567
3.40546412676 0.000437152589952
3.45686815835 0.000563798557287
3.50904811191 0.000723743776239
3.56201569967 0.00092479588373
3.61578281061 0.00117635075589
3.67036151322 0.00148965939936
3.72576405811 0.00187812798568
3.78200288083 0.00235765294235
3.83909060465 0.00294699271896
3.89704004336 0.00366817746468
3.95586420418 0.00454695737981
4.01557629068 0.00561328993686
4.07618970571 0.006901865503
4.13771805444 0.00845267013944
4.2001751474 0.0103115835065
4.26357500361 0.0125310088747
4.32793185365 0.0151705312395
4.39326014296 0.0182975984786
4.45957453499 0.0219882193834
4.52688991455 0.0263276712711
4.59522139111 0.0314112087504
4.66458430222 0.0373447641062
4.73499421696 0.0442456287063
4.80646693939 0.0522431038481
4.87901851214 0.0614791085779
4.95266522001 0.0721087312675
5.02742359359 0.0843007111404
5.103310413 0.098237835533
5.18034271165 0.114117238486
5.25853778007 0.132150586297
5.33791316976 0.152564135948
5.41848669717 0.175598652893
5.50027644769 0.20150917549
5.58330077968 0.230564614482
5.66757832862 0.263047177311
5.7531280113 0.299251608678
5.83996903003 0.339484240676
5.92812087697 0.384061847937
6.01760333852 0.433310305599
6.10843649975 0.487563050377
6.20064074889 0.547159347722
6.29423678192 0.612442370776
6.38924560724 0.683757099659
6.48568855033 0.761448052478
6.58358725861 0.845856862189
6.68296370622 0.937319716216
6.78384019901 1.03616467825
6.88623937953 1.14270891412
6.99018423209 1.25725584572
7.09569808796 1.38009225898
7.20280463058 1.51148539349
7.31152790088 1.65168004252
7.42189230266 1.80089569344
7.53392260812 1.95932373868
7.64764396335 2.12712478799
7.76308189405 2.30442611233
7.88026231117 2.49131924905
7.99921151682 2.68785779743
8.1199562101 2.89405543199
8.24252349313 3.1098841596
8.36694087714 3.33527284452
8.49323628861 3.57010602328
8.62143807555 3.81422302913
8.75157501391 4.06741744328
8.88367631396 4.32943688766
9.01777162692 4.59998317139
9.15389105155 4.87871280068
9.29206514096 5.16523785947
9.43232490944 5.45912726604
9.57470183943 5.75990840861
9.71922788858 6.06706916158
9.86593549694 6.38006028228
10.0148575942 6.69829818746
10.1660276071 7.02116810796
10.3194794671 7.34802761954
10.4752476175 7.67821054853
10.6333670219 8.01103125075
10.7938731714 8.34578926373
10.9568020929 8.68177433283
11.1221903572 9.0182718134
11.2900750869 9.35456845264
11.4604939651 9.68995855609
11.6334852438 10.0237505451
11.8090877522 10.3552739126
11.9873409057 10.6838865856
12.1682847147 11.0089827021
12.3519597935 11.3300008103
12.5384073694 11.6464324963
12.7276692922 11.9578314437
12.9197880431 12.263822925
13.1148067447 12.5641137208
13.3127691707 12.8585024539
13.5137197553 13.1468903216
13.7177036034 13.4292921962
13.9247665008 13.7058480573
14.1349549246 13.9768347034
14.3483160532 14.2426776817
14.5648977772 14.5039633563
14.7847487101 14.7614510245
15.0079181993 15.0160849707
15.234456337 15.2690063355
15.4644139714 15.5215646595
15.6978427185 15.7753289464
15.9347949731 16.0320980756
16.1753239212 16.293910382
16.4194835513 16.5630522076
16.6673286672 16.8420652226
16.9189148996 17.1337523046
17.1742987191 17.4411817634
17.4335374487 17.7676896967
17.6966892765 18.1168802668
17.9638132692 18.4926236958
18.2349693849 18.8990517872
18.5102184867 19.3405507998
18.7896223566 19.8217515185
19.073243709 20.3475163898
19.3611462049 20.9229236222
19.6533944666 21.5532481776
19.9500540913 22.243939621
20.2511916668 23.000596831
20.5568747859 23.8289396136
20.8671720615 24.734777307
21.1821531424 25.7239745068
21.5018887287 26.8024140845
21.8264505876 27.9759577177
22.1559115696 29.2504041919
22.4903456249 30.6314457741
22.8298278199 32.1246229979
23.1744343542 33.7352782341
23.5242425775 35.4685084501
23.8793310069 37.3291175914
24.2397793451 39.3215690358
24.6056684976 41.4499385886
24.9770805911 43.7178684968
25.3540989921 46.1285229621
25.7368083253 48.6845456317
26.1252944931 51.3880195354
26.5196446942 54.2404299201
26.9199474438 57.2426304152
27.3262925929 60.3948129297
27.7387713492 63.6964816508
28.1574762968 67.1464314762
28.5825014173 70.7427311667
29.0139421111 74.4827114602
29.4518952186 78.3629583389
29.8964590418 82.3793115856
30.3477333667 86.5268687144
30.8058194855 90.7999943026
31.2708202193 95.1923346961
31.7428399412 99.6968380041
32.2219846 104.305779248
32.7083617435 109.010790473
33.2020805429 113.802895585
33.7032518174 118.672549629
34.2119880591 123.60968218
34.7284034578 128.603744486
35.2526139271 133.643759956
35.7847371304 138.718377583
36.324892507 143.815927835
36.873201299 148.924480564
37.4297865789 154.031904436
37.9947732767 159.125927425
38.5682882083 164.194197854
39.1504601037 169.224345523
39.741419636 174.204042451
40.3412994509 179.121062759
40.9502341964 183.963341276
41.5683605526 188.719030433
42.1958172632 193.376555063
42.8327451657 197.924664755
43.4792872238 202.352483408
44.1355885591 206.649555724
44.8017964837 210.805890347
45.4780605334 214.811999459
46.1645325012 218.658934623
46.861366471 222.338318749
47.5687188531 225.842374056
48.2867484184 229.163945985
49.0156163343 232.296523003
49.7554862012 235.234252322
50.5065240888 237.971951555
51.2688985737 240.505116385
52.042780777 242.829924334
52.8283444028 244.943234766
53.6257657771 246.842585256
54.4352238877 248.526184515
55.256900424 249.992902036
56.0909798179 251.242254687
56.9376492852 252.274390452
57.7970988677 253.090069552
58.669521476 253.690643195
59.5551129322 254.078030179
60.4540720145 254.254691599
61.3666005015 254.223603913
62.2929032177 253.988230596
63.2331880791 253.552492631
64.1876661403 252.920738075
65.1565516416 252.097710915
66.1400620572 251.088519446
67.1384181439 249.898604384
68.1518439908 248.53370689
69.1805670696 246.99983672
70.2248182853 245.303240663
71.2848320288 243.450371419
72.3608462285 241.447857088
73.4531024047 239.302471388
74.5618457229 237.021104719
75.6873250496 234.610736202
76.8297930078 232.078406768
77.9895060335 229.431193377
79.1667244337 226.676184451
80.3617124447 223.820456563
81.5747382911 220.871052425
82.8060742463 217.834960222
84.0559966938 214.719094291
85.3247861886 211.530277178
86.6127275208 208.275223068
87.9201097792 204.960522575
89.2472264164 201.592628891
90.5943753144 198.177845262
91.9618588517 194.722313771
93.3499839709 191.232005397
94.759062248 187.712711301
96.189409962 184.170035309
97.641348166 180.609387546
99.1152027591 177.035979156
100.61130456 173.454818088
102.129989381 169.870705856
103.671598103 166.288235257
105.236476752 162.711788962
106.824976579 159.145538945
108.437454134 155.593446677
110.074271352 152.059264045
111.735795629 148.546534931
113.422399908 145.058597402
115.134462761 141.598586451
116.872368473 138.169437254
118.636507133 134.773888867
120.427274715 131.414488343
122.245073171 128.093595201
124.090310522 124.813386218
125.963400945 121.575860483
127.86476487 118.382844701
129.794829075 115.235998677
131.754026778 112.136820968
133.742797736 109.086654663
135.761588345 106.086693246
137.810851739 103.137986541
139.891047892 100.241446676
142.002643721 97.3978540757
144.14611319 94.6078634368
146.321937418 91.8720096694
148.530604787 89.1907137924
150.772611049 86.5642887587
153.048459442 83.9929451962
155.358660798 81.4767970511
157.703733661 79.0158671209
160.084204399 76.6100924659
162.500607331 74.2593296905
164.953484836 71.9633600844
167.443387484 69.7218946191
169.970874152 67.5345787921
172.536512155 65.4009973154
175.140877373 63.3206786434
177.784554374 61.2930993396
180.468136555 59.3176882773
183.192226267 57.393830677
185.957434954 55.5208719763
188.764383288 53.6981215359
191.613701314 51.9248561811
194.506028582 50.2003235804
197.442014299 48.5237454635
200.422317471 46.8943206811
203.447607051 45.3112281094
206.518562089 43.773629402
209.635871887 42.2806715936
212.80023615 40.8314895574
216.012365144 39.4252083226
219.272979858 38.0609452535
222.582812164 36.7378120965
225.942604979 35.4549168975
229.353112437 34.2113657962
232.815100054 33.0062646993
236.3293449 31.8387208391
239.896635777 30.7078442212
243.517773391 29.6127489653
247.193570536 28.5525545451
250.924852274 27.5263869294
254.712456123 26.5333796315
258.557232239 25.5726746685
262.460043614 24.6434234374
266.421766266 23.7447875093
270.443289436 22.8759393489
274.525515786 22.0360629601
278.669361605 21.2243544643
282.875757013 20.4400226129
287.14564617 19.6822892398
291.479987486 18.9503896551
295.879753839 18.2435729852
300.345932793 17.5611024623
304.879526818 16.9022556652
309.481553515 16.266324716
314.153045846 15.652616435
318.895052365 15.0604524561
323.708637455 14.4891693062
328.594881563 13.9381184509
333.554881446 13.4066663084
338.589750416 12.894194235
343.70061859 12.4000984832
348.888633145 11.9237901355
354.154958571 11.4646950154
359.500776937 11.0222535779
364.927288157 10.5959207806
370.435710254 10.1851659379
376.027279638 9.78947255944
381.703251383 9.40833817461
387.464899504 9.04127414407
393.313517253 8.68780546034
399.250417396 8.34747053817
405.276932521 8.01982099609
411.394415326 7.7044214303
417.604238931 7.40084918191
423.90779718 7.10869409847
430.306504958 6.82755829079
436.801798506 6.55705588582
443.395135746 6.29681277652
450.087996606 6.04646636926
456.881883351 5.80566532962
463.778320926 5.57406932713
470.77885729 5.35134877963
477.885063772 5.13718459757
485.098535415 4.93126792908
492.420891343 4.73329990597
499.853775118 4.54299139121
507.398855109 4.36006272834
515.057824871 4.18424349295
522.832403523 4.01527224678
530.72433613 3.85289629452
538.735394101 3.69687144372
546.867375582 3.54696176796
555.122105863 3.40293937346
563.501437784 3.26458416939
572.007252154 3.13168364198
580.641458171 3.00403263255
589.405993854 2.88143311961
598.302826473 2.76369400519
607.333952993 2.65063090527
616.501400524 2.54206594469
625.807226775 2.43782755631
635.253520511 2.33775028455
644.842402031 2.2416745935
654.576023637 2.14944667928
664.456570118 2.06091828702
674.486259243 1.97594653216
684.667342256 1.89439372624
695.002104384 1.81612720707
705.492865348 1.7410191733
716.141979884 1.66894652333
726.951838271 1.59979069847
737.92486687 1.53343753043
749.063528665 1.46977709296
760.37032382 1.40870355764
771.847790234 1.35011505381
783.49850412 1.29391353242
795.325080573 1.24000463394
807.330174163 1.18829756011
819.516479532 1.13870494948
831.886731994 1.09114275679
844.443708152 1.04553013587
857.190226521 1.00178932629
870.129148159 0.959845543427
883.263377313 0.919626872008
896.595862065 0.881064163008
910.129595 0.844090933836
923.867613874 0.808643271725
937.813002296 0.774659740246
951.96889042 0.742081288881
966.338455651 0.710851165555
980.924923354 0.680914832075
995.731567577 0.652219882378
1010.76171179 0.624715963528
1026.01872964 0.598354699376
1041.50604568 0.573089616818
1057.22713616 0.548876074568
1073.18552981 0.525671194383
1089.38480862 0.503433794667
1105.82860865 0.482124326378
1122.52062084 0.461704811179
1139.46459186 0.442138781761
1156.6643249 0.423391224271
1174.12368059 0.40542852278
1191.84657783 0.388218405737
1209.83699466 0.371729894329
1228.09896917 0.355933252711
1246.63660042 0.340799940021
1265.45404931 0.32630256414
1284.5555396 0.312414837139
1303.94535874 0.299111532349
1323.62785896 0.286368443007
1343.60745814 0.274162342429
1363.88864086 0.26247094565
1384.47595941 0.25127287249
1405.37403476 0.240547611996
1426.58755767 0.230275488205
1448.12128968 0.220437627202
1469.98006421 0.2110159254
1492.16878764 0.201993019035
1514.6924404 0.193352254798
1537.55607812 0.185077661589
1560.76483271 0.177153923346
1584.32391358 0.169566352907
1608.23860875 0.162300866875
1632.51428606 0.155343961445
1657.15639439 0.148682689161
1682.17046486 0.14230463657
1707.56211207 0.136197902738
1733.33703539 0.130351078601
1759.50102021 0.124753227117
1786.05993924 0.119393864185
1813.01975386 0.11426294032
1840.3865154 0.109350823033
1868.16636656 0.104648279912
1896.36554274 0.100146462355
1924.99037349 0.0958368899539
1954.04728388 0.0917114354913
1983.54279596 0.0877623105264
2013.48353025 0.0839820515559
2043.87620717 0.0803635067214
2074.72764862 0.0768998230455
2106.04477945 0.0735844341768
2137.83462903 0.0704110486223
2170.10433287 0.0673736384511
2202.86113415 0.0644664284492
2236.1123854 0.0616838857098
2269.86555014 0.0590207096406
2304.12820454 0.0564718223743
2338.90803912 0.054032359564
2374.2128605 0.0516976615505
2410.05059314 0.0494632648865
2446.42928109 0.0473248942037
2483.35708986 0.0452784544091
2520.84230818 0.0433200231984
2558.89334992 0.0414458438731
2597.51875594 0.0396523184505
2636.72719603 0.0379360010536
2676.52747083 0.0362935915715
2716.92851383 0.0347219295778
2757.93939339 0.0332179884989
2799.56931472 0.0317788700198
2841.82762199 0.0304017987205
2884.72380043 0.0290841169314
2928.26747842 0.0278232798012
2972.4684297 0.0266168505668
3017.33657553 0.0254624960185
3062.88198692 0.0243579821525
3109.11488691 0.0233011700016
3156.04565285 0.0222900116399
3203.68481873 0.0213225463512
3252.04307753 0.0203968969572
3301.13128368 0.0195112662973
3350.9604554 0.0186639338541
3401.54177727 0.0178532525204
3452.88660266 0.0170776454987
3505.00645633 0.0163356033314
3557.91303701 0.0156256810536
3611.61822001 0.0149464954648
3666.13405989 0.014296722515
3721.47279318 0.013675094799
3777.64684108 0.013080399156
3834.66881233 0.0125114743696
3892.55150597 0.0119672089638
3951.30791424 0.0114465390916
4010.95122547 0.0109484465118
4071.49482711 0.0104719566509
4132.95230865 0.0100161367464
4195.33746471 0.00958009406801
4258.66429815 0.0091629742138
4322.94702319 0.00876395947778
4388.2000686 0.00838226728647
4454.43808097 0.00801714870124
4521.67592793 0.00766788698387
4589.92870158 0.00733379622253
4659.2117218 0.0070142200159
4729.54053972 0.00670853021277
4800.93094122 0.00641612570501
4873.39895044 0.00613643127156
4946.96083341 0.00586889647138
5021.6331017 0.00561299458324
5097.4325161 0.00536822159053
5174.3760904 0.00513409520901
5252.48109521 0.00491015395589
5331.76506182 0.0046959562584
5412.24578616 0.00449107960026
5493.94133278 0.00429511970433
5576.87003891 0.00410768975016
5661.05051856 0.00392841962469
5746.50166672 0.00375695520494
5833.2426636 0.00359295767116
5921.2929789 0.0034361028494
6010.67237624 0.00328608058189
6101.40091754 0.00314259412447
6193.49896756 0.00300535956964
6286.98719844 0.0028741052942
6381.88659438 0.00274857143061
6478.21845631 0.00262850936081
6576.0044067 0.00251368123175
6675.26639439 0.00240385949161
6776.02669953 0.0022988264459
6878.3079386 0.00219837383251
6982.13306944 0.00210230241498
7087.52539643 0.00201042159321
7194.50857575 0.00192254903083
7303.10662063 0.00183851029857
7413.34390677 0.00175813853288
7525.24517783 0.00168127410925
7638.83555095 0.00160776432954
7754.14052241 0.0015374631227
7871.18597333 0.00147023075836
7989.99817552 0.00140593357279
8110.60379734 0.00134444370654
8233.02990969 0.00128563885341
8357.30399209 0.00122940202025
8483.45393888 0.001175621297
8611.50806542 0.00112418963677
8741.4951145 0.00107500464522
8873.44426276 0.00102796837916
9007.38512726 0.000982987153756
9143.3477721 0.000939971358026
9281.36271519 0.000898835278347
9421.46093511 0.000859496929533
9563.67387803 0.000821877893212
9708.0334648 0.000785903163176
9854.57209809 0.000751500997403
10003.3226697 0.000718602776475
10154.3185678 0.000687142868098
10307.5936848 0.000657058497484
10463.1824244 0.000628289623333
10621.1197099 0.000600778819168
10781.4409914 0.000574471159804
10944.1822545 0.000549314112729
11109.3800276 0.00052525743418
11277.0713908 0.000502253069713
11447.2939838 0.000480255059079
11620.0860144 0.000459219445216
11795.4862671 0.00043910418718
11973.534112 0.00041986907685
12154.2695133 0.000401475659235
12337.7330386 0.00038388715624
12523.9658678 0.000367068393728
12713.0098022 0.000350985731751
12904.9072743 0.000335606997801
13099.7013571 0.000320901422953
13297.4357737 0.000306839580788
13498.1549072 0.000293393328948
13701.9038105 0.000280535753245
13908.7282168 0.000268241114183
14118.6745495 0.000256484795806
14331.7899328 0.000245243256765
14548.122202 0.000234493983514
14767.7199148 0.000224215445528
14990.6323616 0.000214387052482
15216.9095769 0.000204989113274
15446.6023504 0.00019600279684
15679.7622386 0.000187410094669
15916.4415761 0.00017919378494
16156.6934875 0.000171337398233
16400.5718992 0.000163825184715
16648.1315517 0.000156642082764
16899.4280118 0.000149773688956
17154.517685 0.000143206229349
17413.4578283 0.000136926532028
17676.3065628 0.000130922000841
17943.1228871 0.000125180590273
18213.9666903 0.000119690781417
18488.8987654 0.000114441558997
18767.9808232 0.000109422389381
19051.2755058 0.000104623199558
19338.8464011 0.000100034357029
19630.7580566 9.56466505752e-05
19927.0759944 9.1451271861e-05
20227.8667253 8.7439797842e-05
20533.1977643 8.36041739373e-05
20843.1376454 7.99366979361e-05
21157.755937 7.64300046058e-05
21477.1232579 7.30770509705e-05
21801.3112925 6.98711022322e-05
22130.3928076 6.68057183051e-05
22464.441668 6.38747409378e-05
22803.5328539 6.10722813964e-05
23147.7424768 5.83927086856e-05
23497.1477975 5.58306382833e-05
23851.8272429 5.33809213666e-05
24211.8604234 5.10386345079e-05
24577.3281517 4.87990698214e-05
24948.3124597 4.66577255383e-05
25324.896618 4.46102969943e-05
25707.1651538 4.26526680108e-05
26095.2038705 4.07809026514e-05
26489.0998665 3.89912373387e-05
26888.9415549 3.7280073316e-05
27294.8186834 3.56439694372e-05
27706.8223544 3.40796352723e-05
28125.0450454 3.25839245136e-05
28549.58063 3.11538286702e-05
28980.5243986 2.97864710378e-05
29417.9730799 2.84791009323e-05
29862.0248629 2.72290881747e-05
30312.7794185 2.60339178178e-05
30770.3379223 2.48911851027e-05
31234.803077 2.37985906362e-05
31706.2791355 2.27539357785e-05
32184.8719245 2.17551182332e-05
32670.6888679 2.08001278292e-05
33163.8390113 1.98870424879e-05
33664.4330462 1.90140243664e-05
34172.5833351 1.81793161687e-05
34688.4039362 1.73812376194e-05
35212.0106298 1.66181820909e-05
35743.5209436 1.58886133781e-05
36283.0541793 1.51910626141e-05
36830.7314397 1.45241253215e-05
37386.6756551 1.38864585919e-05
37951.0116119 1.32767783892e-05
38523.8659797 1.26938569708e-05
39105.3673404 1.21365204216e-05
39695.6462167 1.1603646296e-05
40294.8351014 1.10941613628e-05
40903.0684872 1.06070394496e-05
41520.4828972 1.01412993802e-05
42147.2169149 9.69600300362e-06
42783.4112158 9.27025330869e-06
43429.208599 8.86319262116e-06
44084.7540187 8.47400087996e-06
44750.1946176 8.1018939889e-06
45425.6797591 7.74612224042e-06
46111.3610613 7.40596880843e-06
46807.392431 7.08074830715e-06
47513.9300979 6.76980541305e-06
48231.1326502 6.4725135471e-06
48959.1610698 6.18827361476e-06
49698.1787685 5.91651280122e-06
50448.3516248 5.65668341925e-06
51209.8480212 5.4082618077e-06
51982.8388815 5.17074727811e-06
52767.4977098 4.9436611075e-06
53564.0006292 4.72654557536e-06
54372.5264212 4.51896304272e-06
55193.2565659 4.32049507162e-06
56026.3752828 4.13074158321e-06
56872.0695722 3.9493200526e-06
57730.5292569 3.77586473916e-06
58601.9470252 3.61002595041e-06
59486.5184738 3.45146933826e-06
60384.442152 3.29987522602e-06
61295.9196059 3.15493796499e-06
62221.155424 3.01636531915e-06
63160.357283 2.88387787689e-06
64113.7359943 2.75720848852e-06
65081.5055516 2.63610172838e-06
66063.8831783 2.52031338063e-06
67061.0893773 2.40960994744e-06
68073.3479794 2.3037681789e-06
69100.8861943 2.20257462338e-06
70143.9346612 2.10582519776e-06
71202.7275007 2.01332477638e-06
72277.5023676 1.92488679804e-06
73368.5005036 1.84033289031e-06
74475.9667921 1.75949251019e-06
75600.1498129 1.68220260063e-06
76741.301898 1.60830726205e-06
77899.679188 1.53765743829e-06
79075.5416903 1.47011061633e-06
80269.1533366 1.4055305392e-06
81480.7820426 1.34378693142e-06
82710.6997683 1.28475523654e-06
83959.1825786 1.22831636616e-06
85226.5107055 1.17435646e-06
86512.9686111 1.12276665642e-06
87818.8450513 1.07344287311e-06
89144.4331405 1.02628559725e-06
90490.0304178 9.81199685068e-07
91855.9389132 9.38094170005e-07
93242.4652161 8.96882079424e-07
94649.9205433 8.57480259296e-07
96078.6208097 8.19809206604e-07
97528.8866986 7.83792909084e-07
99001.0437338 7.4935869201e-07
100495.422353 7.16437071693e-07
102012.357981 6.84961615412e-07
103552.191107 6.54868807489e-07
105115.267359 6.26097921238e-07
106701.937581 5.98590896541e-07
108312.557915 5.72292222787e-07
109947.489878 5.4714882695e-07
111607.100442 5.23109966585e-07
113291.762122 5.00127127509e-07
115001.853053 4.78153925978e-07
116737.757079 4.57146015163e-07
118499.863837 4.37060995714e-07
120288.568846 4.17858330268e-07
122104.273597 3.99499261696e-07
123947.385637 3.81946734942e-07
125818.31867 3.65165322294e-07
127717.49264 3.49121151934e-07
129645.333834 3.33781839621e-07
131602.274969 3.1911642338e-07
133588.755298 3.05095301049e-07
135605.220702 2.91690170572e-07
137652.123794 2.78873972916e-07
139729.924016 2.66620837485e-07
141839.087748 2.54906029938e-07
143980.088409 2.43705902292e-07
146153.406564 2.32997845224e-07
148359.530031 2.22760242455e-07
150598.953993 2.12972427145e-07
152872.181107 2.03614640201e-07
155179.721616 1.94667990411e-07
157522.093468 1.86114416337e-07
159899.822425 1.77936649869e-07
162313.442189 1.70118181391e-07
164763.494517 1.62643226467e-07
167250.529341 1.55496693996e-07
169775.104897 1.48664155762e-07
172337.787847 1.42131817322e-07
174939.153406 1.35886490171e-07
177579.78547 1.29915565131e-07
180260.276752 1.24206986908e-07
182981.228908 1.18749229763e-07
185743.252679 1.13531274259e-07
188546.968024 1.0854258502e-07
191393.004258 1.03773089469e-07
194282.000198 9.92131575074e-08
197214.604302 9.48535820761e-08
200191.474817 9.06855605754e-08
203213.279926 8.6700677101e-08
206280.697896 8.28908854582e-08
209394.417235 7.92484929242e-08
212555.136842 7.5766144721e-08
215763.566167 7.24368091725e-08
219020.425366 6.92537635118e-08
222326.445469 6.62105803128e-08
225682.368539 6.33011145167e-08
229088.947838 6.05194910296e-08
232546.948003 5.78600928632e-08
236057.145208 5.53175497979e-08
239620.327346 5.28867275424e-08
243237.294202 5.05627173705e-08
246908.857633 4.83408262125e-08
250635.841751 4.62165671818e-08
254419.083109 4.41856505177e-08
258259.430884 4.22439749259e-08
262157.747075 4.03876192997e-08
266114.90669 3.8612834804e-08
270131.797944 3.69160373082e-08
274209.322463 3.529380015e-08
278348.395478 3.37428472184e-08
282549.946039 3.22600463398e-08
286814.917218 3.08424029544e-08
291144.266321 2.94870540714e-08
295538.965107 2.81912624883e-08
300000.0 2.69524112651e-08
