72.24225 -68.79506 165.653140601 3.472
72.28064 -69.3892 55.2881960513 0.237
72.97704 -67.47781 62.3857031767 0.413
73.43434 -66.19615 271.168693847 12.65
73.52084 -68.65751 103.564877539 2.333
73.61786 -69.16808 313.310850139 1.264
73.94884 -68.62184 70.2900569335 0.417
74.0562 -69.54194 287.392787401 17.98
74.43575 -67.70427 165.672892717 3.072
74.69159 -68.34382 271.168693847 23.44
76.24454 -67.41411 60.6358106712 -99.9
76.73674 -71.45733 70.2709374004 0.614
76.80796 -67.81295 97.4722736151 6.179
76.8288 -68.64732 287.392787401 22.15
77.04478 -70.5124 313.310850139 1.02
77.14976 -71.29181 74.5701381577 44.2
78.32208 -69.37685 60.4939706711 -99.9
78.32309 -69.36902 341.686066587 4.172
78.81317 -68.89334 53.7356621062 0.134
79.10204 -68.92447 53.7772919697 0.257
79.34752 -69.14222 55.3073294544 0.463
79.39326 -68.34037 70.2709374004 0.457
79.40667 -66.70352 70.2517680169 0.288
79.61719 -68.06782 116.371473539 66.76
79.76573 -66.46214 116.540583646 3.295
80.09984 -69.90646 103.535188138 2.727
80.5822 -65.72189 287.392787401 24.55
80.58737 -69.33378 57.0917112901 1.35
80.74538 -68.06281 68.2156607138 0.5
81.0016 -69.662 313.310850139 0.976
81.06088 -68.68602 57.03500636 2.406
81.10282 -68.42369 186.068063716 0.249
81.24359 -67.97733 287.392787401 18.84
81.88504 -69.14743 89.3255189474 0.663
82.16861 -71.27948 62.3857031767 0.319
82.74471 -69.48241 56.9636671722 0.326
82.78354 -68.65875 313.310850139 1.004
82.84056 -70.29442 57.1114894219 5.408
83.01286 -68.66817 123.573831061 0.372
83.05405 -70.04685 215.227494401 15.25
83.11338 -68.66341 60.5362370726 0.309
83.20569 -67.49885 68.1631682087 0.42
84.0401 -70.1021 55.2841606088 0.361
84.13552 -70.29401 89.1256139301 7.279
84.35346 -69.14584 53.773339337 0.272
84.37738 -67.67824 55.4189479941 0.989
84.46076 -69.16696 341.686066587 3.576
84.68119 -69.10809 106.609543587 1.384
84.94715 -68.61216 57.0139885927 0.548
85.14142 -69.41942 113.045163679 15.88
85.71001 -69.0645 123.573831061 0.376
86.0505 -69.40885 70.2517680169 0.34
86.10535 -69.4184 361.6104952 0.125
86.18174 -67.29075 313.310850139 1.828
86.99386 -69.90013 116.26059106 1.768
87.93026 -68.76195 60.6358106712 0.713
88.22987 -69.49926 62.4634182227 0.213
72.73846 -69.32558 341.686066587 3.06259345857
72.75067 -69.32622 138.809702623 6.42731165862
72.75937 -69.33036 341.686066587 5.62457031676
72.97204 -69.39128 3117 152.766932849
73.00175 -69.39517 186.107760837 6.13803498203
73.00329 -69.36178 57.0119830747 6.70022443843
73.01637 -66.91631 74.609428813 0.801732260387
73.03725 -66.92706 97.4320211852 5.75478839634
73.46429 -69.19381 91.8504879737 1.33054436261
73.51267 -69.19436 234.777437075 5.29699251494
73.57504 -69.15925 53.7515543443 0.972812985811
73.94333 -66.41919 53.745599552 2.97912928438
74.1195 -66.52872 341.686066587 2.23918177438
74.21592 -66.52583 94.6686786384 0.717842817355
74.24937 -66.40719 76.904942017 13.2461402967
74.3185 -68.40669 341.686066587 4.30615194984
74.3195 -68.42906 341.686066587 0.871022470964
74.34296 -66.40567 175.504707021 0.469925875535
74.40671 -66.45742 588.936088803 7.48323442716
74.41267 -66.45869 341.686066587 0.53954709583
74.44867 -66.47136 160.550132618 5.86177790058
74.45508 -66.48342 143.052935477 16.3715331028
74.45942 -66.49717 56.948493795 3.11953132201
74.46296 -66.45003 151.662512102 0.405535949627
74.67696 -66.14325 94.7483230197 1.78660834935
74.71512 -66.16239 55.3073294544 0.334217633096
75.86821 -68.47692 66.1720593386 1.07653798746
76.13412 -70.90389 79.2121366951 1.15885569465
76.21362 -70.11836 53.7247123878 0.737954115734
76.22208 -70.13108 556.317891079 8.1299776292
76.25258 -68.0555 91.9006551726 1.61446769464
76.3345 -66.91847 287.591425086 18.881189857
77.45462 -68.87517 113.114771454 9.12072495341
77.45883 -68.90747 341.545914823 13.7432469577
77.51667 -68.91064 180.799566279 2.0513008465
78.32371 -69.37361 394.509461138 35.6475231107
78.35187 -69.36147 556.317891079 9.95610230438
78.36775 -69.37828 147.189697888 1.48603609814
78.37129 -69.19208 62.4147005481 0.937625390283
78.46025 -69.38233 70.2517680169 10.0482249848
79.37775 -66.72708 180.620511567 42.6667291147
79.38004 -66.73014 143.082704856 8.43508281026
79.38167 -66.72469 103.5054077 4.50909463893
79.55775 -69.65722 256.180498029 1.43909462324
79.60687 -70.09242 84.1589408891 3.80215098813
79.62104 -69.66408 86.7025732538 3.10476947015
79.6215 -69.24947 241.353795768 4.6783138175
79.72729 -69.64025 55.4021329368 8.99682660768
79.78762 -69.63339 556.317891079 6.63879641154
79.80112 -69.152 482.092846345 69.1877741766
79.84575 -69.66125 588.936088803 1.33054436261
80.15442 -66.77347 127.285589726 6.167218715
80.35871 -67.79508 341.686066587 4.22755581909
80.37404 -69.68006 55.3564064214 3.90867318373
80.39021 -65.48014 287.392787401 3.06259345857
80.40358 -65.48961 55.3852727565 1.99539720357
80.49254 -67.93167 241.374019303 2.0324944073
80.52617 -67.94975 180.799566279 2.75441490144
80.5355 -67.98947 341.686066587 4.50909463893
80.54942 -67.97169 175.364625972 1.65969910289
80.55012 -68.64767 151.662512102 0.307630477255
80.551 -67.97033 70.3181432922 1.62940618029
80.55237 -67.97564 394.509461138 58.6177790058
80.636 -68.05047 79.2121366951 1.52766932849
80.67487 -67.91683 55.4268453771 0.534600498323
80.70471 -68.02475 89.2361250372 14.1282818617
80.71508 -68.07683 556.317891079 9.1640901024
80.72967 -68.06928 134.675202974 22.1865283248
80.73662 -68.06858 332.084858139 19.6829119896
80.73979 -68.07058 197.325781519 2.2910225256
80.93117 -68.00942 175.494746713 12.4746784291
81.29187 -69.34042 241.353795768 9.1640901024
81.42304 -66.25794 97.5323290942 4.32543070892
81.45529 -66.25242 241.584983307 26.5478502511
81.52192 -68.60258 70.4027605758 4.52928197792
81.55587 -68.78747 86.6529424856 3.6310260046
81.56483 -67.35347 86.6728292871 1.62940618029
81.60275 -68.81397 341.686066587 6.51762472116
81.6305 -68.80928 341.686066587 2.38830259529
81.69421 -68.81311 442.813536912 125.901052075
81.98787 -67.42286 86.6529424856 26.9208860999
82.69496 -71.14569 57.0946818779 3.23660239062
82.72929 -68.59886 57.0139885927 4.03728446422
82.77354 -71.11681 540.473076017 0.380215098813
82.823 -71.06519 589.026136969 2.60632973756
82.87662 -71.06808 341.686066587 3.48408988386
83.02454 -66.42525 112.944905189 2.15818838332
83.05087 -67.70286 127.186445162 2.20815400395
83.21837 -69.77225 540.251205771 20.7028129954
83.42562 -68.76742 304.383317316 11.6957845437
83.83067 -69.20939 100.343433957 0.394483969141
83.87067 -67.58792 84.1886111291 2.08943737656
83.93446 -69.64558 341.686066587 0.520031150573
83.93871 -69.21322 60.5191613323 1.18040043057
83.93887 -69.22061 84.1589408891 3.02015588256
83.95258 -69.64367 170.437268366 1.23603098898
83.95883 -69.63375 123.364068851 1.52766932849
83.96617 -69.63722 103.405475399 2.24920665192
84.17558 -66.80703 641.495651776 0.376729265834
84.39862 -69.10289 143.042996506 0.903710564442
84.42762 -69.16211 143.052935477 11.8601273012
84.442 -69.18064 123.384219049 5.20031150573
84.5635 -69.11514 623.319248279 13.9987529951
84.60667 -70.69078 68.2727693943 1.03759855735
84.63175 -69.03739 278.925359967 32.2128654984
84.63787 -69.10328 698.470094326 7.51673707065
84.64417 -69.09917 196.966228712 34.0431202807
84.64487 -69.10169 203.105717379 8.95425296186
84.6635 -69.09786 160.570387113 10.6666822787
84.66487 -69.16597 76.8245274976 3.56475231107
84.66537 -69.09392 287.212321016 23.7700097159
84.68812 -69.08553 313.480637581 23.7700097159
84.70071 -69.06992 351.642470495 24.890255761
84.70529 -69.079 287.292728745 26.0632973756
84.7245 -69.15869 127.206344182 25.7092466345
84.73533 -69.07139 271.328423959 22.0815400395
84.76842 -69.07053 191.341898618 24.5521399281
84.80279 -69.49483 556.317891079 11.3263336419
84.80329 -69.51161 418.029091267 13.6172481123
84.83092 -70.22075 57.0946818779 8.20520338601
84.87221 -69.60517 53.7027544284 3.42049807677
84.89108 -69.78378 341.686066587 4.85388352377
84.91137 -69.65119 430.160703729 24.890255761
84.91258 -69.65317 227.924351441 31.3349754835
84.92454 -69.77 372.691388939 26.793494485
84.93025 -69.6485 215.187774716 40.5535949627
84.93167 -69.639 175.374679267 2.93784825013
84.93258 -69.64278 540.382501377 71.1261594847
84.93471 -69.64653 430.160703729 92.4888438411
84.93562 -69.74339 103.535188138 8.35774950622
84.93825 -69.74733 186.107760837 6.66851848314
84.94142 -69.64422 361.620608957 50.1221116111
84.967 -71.15069 106.569708735 2.80562329773
84.96712 -71.15853 170.377317855 8.01732260387
84.97271 -69.42792 215.017882741 11.4311349168
84.99383 -71.17072 186.107760837 6.54680430381
84.99725 -69.75731 119.870368122 15.2766932849
85.01746 -69.63678 623.319248279 21.7815785456
85.02154 -69.64519 341.686066587 5.57300394614
85.03954 -69.74819 572.868332024 30.0669482826
85.07917 -69.746 208.855138917 0.863036888951
85.22604 -69.55519 103.345020218 5.64975167062
85.30671 -70.39142 55.423885011 0.787098997487
85.42775 -71.32456 53.7097494191 2.91091389548
86.18079 -67.29247 341.686066587 4.80938285214
86.20679 -67.32631 70.3181432922 21.7815785456
86.62654 -69.58294 341.686066587 4.42679438665
87.15929 -70.03558 287.591425086 14.3228472154
87.17204 -70.09353 60.4959895618 14.2590092443
89.00237 -68.21389 62.4911020248 7.76406836041
72.24975 -68.9185 60.4879108315 2.18790952636
74.2605 -66.41758 341.686066587 3.4521475558
77.4575 -68.90058 196.986425914 19.1464979937
77.45879 -68.89706 72.4621758594 1.14823124178
78.11746 -69.13217 86.6529424856 3.25109274731
78.33179 -69.34839 55.3653791175 3.82022859105
80.14446 -68.58839 53.7515543443 1.01866024936
80.56212 -69.69086 70.2396374943 2.97912928438
80.69279 -65.69244 62.3515481354 0.648678284118
80.91875 -68.09117 57.0139885927 0.25824347629
81.51075 -67.43911 97.5223466379 1.52086039525
81.60708 -67.43333 341.686066587 0.474274046125
81.70125 -68.81714 361.721507126 1.73791831181
81.74687 -71.29211 56.9838429576 4.98987137164
81.92408 -67.45911 341.686066587 4.18879735437
82.01808 -68.99308 58.7937856846 0.255875885868
82.70371 -69.06775 97.5223466379 0.299246692699
82.76767 -71.12667 89.2161352606 0.214797567701
82.88729 -70.30775 103.535188138 3.31153507418
83.59892 -69.77922 588.936088803 0.642731165862
83.85167 -67.575 234.587693357 15.2086039525
83.93654 -69.21822 341.686066587 3.42049807677
83.96675 -69.65686 556.317891079 9.42083398276
83.99092 -69.63108 81.7124612743 9.1640901024
84.33779 -69.16978 156.09538168 0.666851848314
84.37358 -69.14064 341.686066587 3.64828998136
84.39912 -69.18144 341.686066587 5.72913888615
84.522 -69.48064 127.156530442 0.731188511734
84.54158 -69.05611 109.758758427 0.847284690478
84.54304 -69.221 64.2080682886 0.26793494485
84.5935 -69.11233 165.64325412 0.413075425836
84.64192 -69.08117 170.327149622 22.4920665192
84.69162 -69.15856 341.686066587 3.51632777063
84.70358 -69.14111 57.0139885927 0.222858580139
84.7315 -69.07403 89.1256139301 1.38047758471
84.75362 -69.25611 138.7090012 0.313349754835
84.77592 -69.49192 143.042996506 9.33446325765
84.78783 -69.50158 442.505763787 16.830202855
84.78804 -69.02464 70.2396374943 0.448775727115
84.79871 -69.17692 496.336612534 3.51632777063
84.80304 -69.01992 341.686066587 6.63879641154
84.82696 -69.12792 623.319248279 7.1464333974
84.84475 -69.50325 341.686066587 3.58170118474
84.91992 -69.77558 248.65114277 3.90867318373
84.92467 -69.30528 341.686066587 2.11879700597
84.96387 -69.43906 556.317891079 9.50800388635
84.96742 -71.1695 341.686066587 4.63542277861
84.98546 -71.15894 103.334907824 2.02343543199
85.01479 -69.78611 57.0139885927 1.84539504671
85.03004 -69.53447 57.0139885927 0.424648270115
85.54887 -68.96647 89.2361250372 0.152766932849
85.724 -68.95317 57.0946818779 4.03728446422
85.87896 -66.30922 165.514065263 0.192322173846
85.94812 -67.45586 341.686066587 3.68204719293
85.94917 -67.45967 341.686066587 4.00027041777
86.00642 -69.46797 53.7515543443 1.57046896784
87.06967 -69.87764 151.532516824 0.313349754835
71.542228 -66.716278 86.6030231068 8.36
72.208295 -69.157965 112.985125168 -99.9
72.210166 -69.173782 58.7688358482 -99.9
72.221142 -69.203542 56.9666975183 -99.9
72.224492 -69.225036 60.6358106712 -99.9
72.226401 -69.1632 138.859737802 5.59
72.256208 -68.392082 106.469417392 2.39
72.356838 -69.264356 60.4959895618 -99.9
72.381693 -68.367904 68.2677776928 -99.9
72.415584 -69.341689 64.3155925356 4.44
72.505397 -70.791505 68.2477771121 -99.9
72.512678 -69.402415 58.7688358482 -99.9
72.540805 -69.484976 119.749610819 -99.9
72.554199 -69.183536 89.1053706069 -99.9
72.608756 -69.322288 60.4959895618 -99.9
72.614421 -69.509651 60.4959895618 0.347
72.642051 -67.719021 81.5426271364 -99.9
72.647523 -69.489856 57.0240055909 -99.9
72.654252 -67.71035 57.00696661 -99.9
72.758405 -69.007856 74.6894321155 -99.9
72.980867 -67.49704 55.2871874253 -99.9
72.984945 -67.487405 64.2414066494 -99.9
73.018759 -69.346284 151.652559225 3.35
73.039301 -66.922114 660.444343111 -99.9
73.04082 -67.14416 81.6628720454 2.956
73.074404 -66.914517 89.1960997469 2.9
73.118848 -68.913986 116.520828037 2.3
73.12366 -69.21421 53.7465917565 -99.9
73.223764 -69.31848 56.9666975183 -99.9
73.242284 -68.059773 241.674636111 -99.9
73.244208 -68.048906 304.202094635 -99.9
73.296008 -67.065283 127.116520108 1.69
73.358167 -70.59326 76.904942017 5.24
73.493683 -69.18488 510.262810737 7.53
73.498463 -69.167209 160.580502898 -99.9
73.502235 -69.19798 351.92051895 -99.9
73.515422 -67.271269 147.119309652 5.18
73.526633 -66.766753 186.14735111 1.87
73.58229 -68.570615 56.9626567365 3.4
73.619535 -69.160575 64.2333392691 -99.9
73.677229 -69.139493 64.3850499673 1.992
73.733638 -67.193499 89.1558914204 0.77
73.787933 -71.648775 55.321390425 0.657
73.861434 -68.418761 142.913046211 2.2
73.871182 -68.604924 66.2594572191 -99.9
73.905031 -66.572605 156.185087077 -99.9
73.915879 -66.573049 119.860356209 0.856
73.923156 -66.575718 89.176018652 2.496
73.932184 -66.41028 86.72234546 -99.9
73.960676 -66.575982 185.988347401 8.61
73.972314 -65.987809 64.2414066494 -99.9
73.980407 -71.353529 60.4959895618 2.628
74.077624 -66.561234 56.9666975183 -99.9
74.106565 -69.390824 60.6358106712 -99.9
74.125511 -69.373736 58.7997594833 0.453
74.129229 -66.402146 79.301820177 -99.9
74.145512 -66.553658 103.41551474 -99.9
74.148625 -66.560247 66.2314458378 0.476
74.160248 -66.412574 72.4681693557 -99.9
74.167807 -66.559366 64.3850499673 -99.9
74.198586 -66.406109 540.981516354 -99.9
74.211337 -70.251813 53.7356621062 2.052
74.237992 -68.387641 86.5528121297 -99.9
74.238364 -66.420029 248.800615754 28.92
74.245799 -68.430712 58.7468013714 -99.9
74.254695 -69.175214 86.6827522971 1.01
74.262868 -66.389578 91.8806211783 -99.9
74.287203 -68.411525 58.7468013714 -99.9
74.297496 -69.534642 58.7688358482 -99.9
74.308828 -70.032138 62.4911020248 -99.9
74.324828 -66.297447 68.2317364982 -99.9
74.33191 -68.422928 109.83828716 -99.9
74.338946 -66.340192 100.523496863 -99.9
74.375526 -68.96327 62.3131733616 0.507
74.414065 -66.453805 106.539727304 -99.9
74.416319 -66.452848 106.539727304 -99.9
74.424804 -66.442561 160.681239921 -99.9
74.52984 -67.686177 127.136543077 -99.9
74.545457 -66.514757 56.9636671722 -99.9
74.826321 -65.968804 56.9636671722 1.444
74.886574 -70.852318 74.7390123044 -99.9
74.896862 -67.725284 86.5427347261 -99.9
75.023763 -70.056106 58.7548224788 -99.9
75.025554 -66.265303 234.507179102 -99.9
75.052206 -70.049105 55.2871874253 -99.9
75.074846 -66.269607 55.2871874253 -99.9
75.201564 -66.368658 103.334907824 -99.9
75.212842 -66.399978 127.285589726 -99.9
75.249871 -70.708922 81.5426271364 -99.9
75.59315 -70.308496 84.0492461959 -99.9
75.753734 -67.033262 60.4959895618 0.278
75.939977 -67.323042 112.944905189 -99.9
75.995984 -67.196825 64.2333392691 3.284
76.044044 -70.143359 55.2871874253 -99.9
76.058983 -70.170869 94.7582295534 1.84
76.068661 -70.73894 116.520828037 1.4
76.073582 -70.730074 70.4215437867 3.264
76.0938 -68.523972 56.9666975183 -99.9
76.104023 -70.728476 287.101235326 -99.9
76.150144 -70.908382 134.876121752 12.7
76.150221 -66.688975 116.301046354 0.394
76.20107 -66.64835 64.3850499673 -99.9
76.202794 -70.206664 74.609428813 -99.9
76.214675 -66.635279 109.758758427 4.26
76.224312 -66.812349 112.944905189 -99.9
76.231453 -68.071692 56.9666975183 -99.9
76.25752 -67.570742 91.9505424642 -99.9
76.364674 -66.889139 70.3121337271 2.24
76.478072 -70.126876 62.3202586627 0.526
76.524647 -70.185168 56.9666975183 2.472
76.65821 -68.57124 53.7772919697 -99.9
77.141477 -69.385011 53.7485778716 2.716
77.146138 -69.423658 186.05812304 -99.9
77.171944 -69.412651 109.698699827 9.2
77.248676 -68.421314 55.2871874253 -99.9
77.293767 -70.231764 58.7548224788 2.34
77.309302 -68.504582 304.691803201 2.88
77.379351 -68.473213 55.2871874253 -99.9
77.396203 -68.643638 119.950129301 2.64
77.459799 -68.884809 351.92051895 -99.9
77.466495 -68.891241 442.704714123 -99.9
77.466912 -69.395412 53.7832161738 -99.9
77.474315 -68.919915 97.452169061 -99.9
77.492986 -68.910111 106.469417392 -99.9
77.543649 -69.481039 97.6019087297 -99.9
77.580211 -69.433327 58.7468013714 -99.9
77.623224 -68.046254 112.985125168 1.42
77.694489 -67.083607 86.5729315296 0.879
77.709352 -68.272825 55.2871874253 -99.9
77.722885 -67.065072 55.2871874253 -99.9
77.770092 -65.904333 72.5268523252 7.84
77.873934 -69.479943 55.2871874253 -99.9
78.024521 -70.534358 58.7548224788 -99.9
78.072757 -70.455372 119.789935617 4.72
78.092647 -70.454569 58.7468013714 0.613
78.127193 -70.383093 55.2871874253 -99.9
78.134585 -70.416937 127.186445162 1.43
78.329452 -69.364376 180.650509434 -99.9
78.33939 -69.378288 383.12171392 -99.9
78.351507 -69.180296 405.74147585 -99.9
78.369778 -69.170922 64.3850499673 -99.9
78.396348 -69.289405 131.019133451 -99.9
78.40959 -69.383839 313.46075419 3.34
78.425538 -69.590979 313.119886603 -99.9
78.457734 -68.476804 53.7832161738 0.462
78.475068 -67.645033 53.7485778716 -99.9
78.534808 -67.385949 89.2859008975 2.34
78.539399 -69.122562 55.2871874253 -99.9
78.680372 -67.436594 56.9666975183 1.78
78.704555 -67.205741 221.329139988 7.13
78.790368 -67.938739 100.383743576 3.11
78.91262 -66.66535 60.6358106712 -99.9
79.014055 -71.805417 53.7772919697 -99.9
79.075912 -71.899396 156.015121503 5.78
79.210762 -69.891263 53.7485778716 -99.9
79.225332 -67.334723 86.5528121297 5.24
79.275131 -67.788882 55.2871874253 -99.9
79.367415 -66.718532 197.246605213 7.41
79.37234 -66.709125 81.6628720454 -99.9
79.394957 -71.262457 84.0291464694 0.31
79.430996 -71.259504 86.6728292871 2.18
79.476263 -69.590793 89.1558914204 -99.9
79.489501 -68.700769 53.7485778716 -99.9
79.503146 -69.497409 60.6358106712 -99.9
79.540207 -66.346184 55.4189479941 0.91
79.593666 -69.295121 103.334907824 -99.9
79.629691 -69.146612 53.7485778716 -99.9
79.763114 -69.660609 58.7688358482 -99.9
79.777292 -69.644952 191.331808446 -99.9
79.788549 -69.199414 170.447235869 5.76
79.90505 -69.15614 68.2317364982 1.544
79.95617 -69.679791 79.2620838559 -99.9
80.010126 -65.669494 70.2366016134 -99.9
80.048667 -66.877042 170.307033645 -99.9
80.155203 -71.73007 56.9666975183 -99.9
80.237345 -67.821344 58.8552540643 -99.9
80.286846 -70.236288 55.2871874253 0.0118
80.290607 -65.450948 64.2333392691 2.72
80.330533 -69.984287 74.5772064784 -99.9
80.388363 -65.488842 191.572123434 -99.9
80.393593 -66.094385 81.5426271364 -99.9
80.407922 -66.509628 72.4491742039 -99.9
80.44156 -69.925576 56.9666975183 -99.9
80.449866 -66.60221 56.9666975183 -99.9
80.47735 -69.350255 66.195268792 3.444
80.497229 -71.686787 109.768733725 -99.9
80.510935 -67.783755 127.226208055 -99.9
80.512373 -68.472633 66.2314458378 0.576
80.525066 -68.817611 60.6358106712 -99.9
80.528909 -68.471975 66.3408622391 0.12
80.533984 -71.68461 66.1710484732 -99.9
80.541654 -67.58319 160.570387113 -99.9
80.543163 -68.467323 68.2317364982 -99.9
80.564331 -65.733308 74.7192183656 -99.9
80.569859 -68.067761 74.7192183656 1.89
80.581448 -68.077506 156.085377728 -99.9
80.589903 -69.684744 147.209736116 -99.9
80.591942 -71.592026 138.809702623 5.0
80.596781 -69.682703 97.452169061 -99.9
80.615282 -67.903435 106.649219178 -99.9
80.626772 -68.039415 147.289568949 1.036
80.627248 -67.912744 332.124564927 -99.9
80.634936 -69.719833 106.539727304 -99.9
80.643181 -69.719954 89.176018652 5.88
80.669114 -67.127579 70.2618641906 6.52
80.680688 -69.816687 68.3521730603 -99.9
80.692912 -69.850683 123.563932134 -99.9
80.699668 -68.545025 119.789935617 -99.9
80.703243 -66.72021 56.9666975183 -99.9
80.717535 -71.558294 86.5528121297 -99.9
80.725702 -68.695667 60.5941699472 -99.9
80.797191 -68.010872 100.543299601 -99.9
80.875357 -66.724241 70.2366016134 0.34
80.897951 -67.876977 147.109222216 5.05
80.907204 -67.107787 68.2317364982 -99.9
80.913873 -67.876751 64.2414066494 -99.9
80.961074 -67.923169 127.086418757 -99.9
80.963581 -68.119993 143.013129703 5.68
80.972886 -71.578494 113.045163679 11.9
81.013179 -68.921657 55.2871874253 -99.9
81.04171 -66.503686 53.7446064885 4.2
81.056285 -68.499947 175.454837601 17.5
81.057757 -67.456508 97.452169061 -99.9
81.06588 -66.487873 89.1558914204 -99.9
81.087885 -71.646824 86.5729315296 1.34
81.098443 -69.651577 406.241059909 -99.9
81.261608 -68.485947 106.539727304 -99.9
81.269302 -69.676252 221.278761207 -99.9
81.288389 -66.407478 53.7832161738 -99.9
81.293003 -68.421644 89.2161352606 -99.9
81.295042 -67.495511 94.5984159396 -99.9
81.297962 -66.329576 56.9878705159 -99.9
81.345177 -66.221352 66.3201032492 -99.9
81.407033 -69.271373 53.7485778716 -99.9
81.430021 -66.410553 81.6628720454 0.571
81.443447 -66.236306 208.975270696 11.5
81.4929 -68.796953 56.9666975183 -99.9
81.498642 -67.172134 112.944905189 1.39
81.525397 -68.60804 351.361060244 -99.9
81.529012 -68.598154 180.610499642 0.778
81.535851 -68.589539 79.2819765065 1.684
81.583518 -67.509631 55.4080728607 1.05
81.585398 -69.322117 58.7548224788 -99.9
81.618503 -67.705222 94.5580228925 -99.9
81.62878 -67.261624 60.4959895618 -99.9
81.63491 -67.462552 53.7485778716 -99.9
81.638032 -68.81492 203.115612782 -99.9
81.647855 -68.809793 134.725756053 -99.9
81.660767 -67.656602 208.814894175 -99.9
81.667604 -68.573611 109.658462565 -99.9
81.686438 -71.371773 60.6358106712 1.35
81.720483 -71.369085 106.529713259 -99.9
81.724783 -71.486614 55.2871874253 0.0241
81.761637 -71.394323 109.62817969 1.63
81.776875 -71.400735 91.8705886781 -99.9
81.829205 -67.469022 72.5416995464 -99.9
81.905386 -67.458857 76.9845471612 6.16
81.921986 -69.983678 53.7485778716 -99.9
81.929313 -67.430427 227.743115353 -99.9
81.931 -67.440111 160.681239921 4.47
82.011976 -67.4239 214.907005205 -99.9
82.020607 -68.997197 191.522375724 2.56
82.026112 -69.363581 56.9636671722 -99.9
82.124436 -69.871709 228.034166143 -99.9
82.142447 -70.945525 56.9666975183 -99.9
82.232223 -68.412838 55.2871874253 -99.9
82.247008 -66.32789 55.321390425 0.416
82.341476 -68.476335 130.999272079 1.6
82.391413 -71.151493 58.7468013714 2.092
82.435543 -71.079776 60.6358106712 -99.9
82.474025 -68.597637 81.682742958 -99.9
82.489218 -66.975407 68.2317364982 -99.9
82.547678 -68.508888 72.4491742039 0.756
82.581793 -68.605406 89.1558914204 0.735
82.582979 -70.908391 79.1920709628 0.725
82.586394 -70.910146 72.471164099 1.11
82.710999 -68.631832 70.4215437867 5.72
82.717452 -67.334376 72.4531770229 -99.9
82.721386 -68.561683 76.8547731316 -99.9
82.726778 -68.574499 263.281263462 -99.9
82.729161 -69.487479 56.9626567365 -99.9
82.731994 -67.335216 119.930244205 7.25
82.918956 -68.379184 100.543299601 1.84
82.927182 -68.58162 313.331061812 -99.9
82.927359 -68.546403 66.2404614957 1.1
82.97766 -68.988706 86.6728292871 -99.9
82.989573 -68.43082 56.9666975183 -99.9
83.002457 -66.420669 58.7548224788 -99.9
83.042888 -66.413445 156.234657175 -99.9
83.060156 -67.755501 89.176018652 -99.9
83.062385 -68.639888 60.4959895618 -99.9
83.067342 -68.670846 147.209736116 -99.9
83.081585 -71.223042 109.66853656 -99.9
83.086376 -68.666249 94.7582295534 5.0
83.103942 -68.651279 109.758758427 -99.9
83.117153 -67.694337 679.372450364 -99.9
83.12338 -71.224905 106.439131772 -99.9
83.135105 -66.453634 214.886764952 17.4
83.148053 -68.632478 55.2871874253 -99.9
83.157886 -66.469957 138.919505707 -99.9
83.164597 -69.51341 55.3584014474 1.75
83.183507 -69.501648 106.499611101 -99.9
83.377751 -69.87698 221.539087635 1.5
83.380717 -69.877462 109.748773292 1.5
83.390721 -66.039139 147.179666707 -99.9
83.403183 -67.813017 60.4959895618 -99.9
83.430294 -68.343302 116.451391748 -99.9
83.463811 -66.26014 76.8648368963 1.72
83.472481 -66.723272 94.5984159396 -99.9
83.515904 -67.649765 55.2871874253 -99.9
83.526943 -69.6167 70.2658981686 -99.9
83.543405 -67.424828 106.539727304 4.33
83.645308 -68.319062 60.4959895618 -99.9
83.662695 -68.375504 60.6358106712 2.412
83.67506 -69.522112 64.2333392691 2.96
83.681939 -69.719953 74.5893086938 -99.9
83.763939 -69.066622 55.4189479941 -99.9
83.789328 -66.595534 89.145810439 -99.9
83.809064 -67.554578 86.5427347261 -99.9
83.955421 -69.500527 109.858072138 -99.9
83.959799 -69.406163 113.124676687 -99.9
83.966754 -66.035167 79.1820194388 -99.9
83.967897 -69.33053 56.9636671722 0.456
83.990935 -69.527162 109.788654972 -99.9
84.065702 -69.53112 106.529713259 5.05
84.116603 -67.331657 60.4959895618 -99.9
84.128695 -69.304729 119.779926768 14.3
84.154433 -68.994076 55.4189479941 0.462
84.16189 -69.777933 60.4959895618 -99.9
84.168085 -66.358856 64.3850499673 -99.9
84.198806 -66.368896 66.1720593386 0.131
84.236662 -67.566017 56.9666975183 -99.9
84.239891 -66.848196 100.513585753 -99.9
84.247771 -66.359609 79.3216149435 -99.9
84.267417 -66.368338 130.879375859 -99.9
84.270617 -69.794575 103.564877539 -99.9
84.281751 -66.502442 134.705560964 -99.9
84.310044 -67.546277 60.4959895618 -99.9
84.310747 -67.461088 56.9666975183 0.177
84.314479 -66.36054 60.6288886013 -99.9
84.322008 -69.048717 68.2317364982 -99.9
84.342777 -69.589338 89.2161352606 1.33
84.347264 -66.445975 62.3857031767 -99.9
84.390214 -69.339215 72.471164099 0.591
84.457414 -69.185306 496.406159977 67.4
84.499726 -68.874739 74.6894321155 -99.9
84.523265 -69.533276 127.116520108 -99.9
84.544448 -69.580598 62.4296511507 -99.9
84.567837 -70.699342 94.6986267178 1.2
84.58231 -67.750252 94.5883344823 -99.9
84.657106 -68.948387 64.3850499673 -99.9
84.667684 -69.420862 351.40147041 1.47
84.684894 -69.41539 208.804817165 -99.9
84.739529 -70.22909 119.930244205 7.4
84.750577 -71.033526 58.7468013714 -99.9
84.764004 -70.761397 60.6358106712 -99.9
84.770218 -69.496742 156.025181117 -99.9
84.784978 -69.184598 81.6628720454 -99.9
84.816585 -69.510919 186.008317312 -99.9
84.872792 -69.788586 304.592786905 -99.9
84.879808 -70.20452 215.157922108 13.9
84.905771 -69.770928 304.592786905 -99.9
84.916587 -69.947042 64.2333392691 3.92
84.925504 -71.179175 79.1920709628 1.72
84.997549 -69.624797 119.950129301 10.2
84.998046 -69.829435 60.6358106712 -99.9
85.001244 -68.482357 53.7713620743 1.124
85.009244 -70.452658 56.9666975183 -99.9
85.018918 -69.743288 641.475573305 -99.9
85.019891 -68.788191 55.2871874253 -99.9
85.02072 -69.542154 94.5984159396 -99.9
85.023261 -70.248654 68.2677776928 -99.9
85.024787 -71.56162 68.2677776928 0.17
85.032469 -71.21347 70.2950802134 0.507
85.064311 -69.939891 56.9666975183 -99.9
85.105467 -69.66975 679.739518014 -99.9
85.160276 -69.430012 62.4296511507 -99.9
85.176133 -70.043964 76.8547731316 -99.9
85.193443 -70.189071 147.109222216 -99.9
85.197973 -70.190451 186.048175368 1.56
85.202981 -70.053161 64.3850499673 -99.9
85.232859 -69.679472 91.9006551726 8.44
85.251785 -69.691321 64.3850499673 -99.9
85.271876 -69.418407 86.6827522971 -99.9
85.274387 -69.420319 66.2594572191 -99.9
85.317317 -70.265032 81.6628720454 -99.9
85.326224 -69.448883 55.2871874253 -99.9
85.354477 -71.259229 91.9505424642 1.33
85.439467 -71.330732 81.682742958 -99.9
85.445518 -69.679672 86.6827522971 1.08
85.514312 -69.574943 64.3850499673 -99.9
85.588277 -70.512818 53.7485778716 -99.9
85.638225 -69.04321 94.768126915 -99.9
85.640663 -71.291068 138.949278011 19.76
85.703909 -69.745689 138.859737802 -99.9
85.708364 -69.794281 94.768126915 1.73
85.71713 -69.33554 53.7465917565 -99.9
85.735304 -69.314201 56.9666975183 -99.9
85.73885 -69.751065 84.1589408891 9.44
85.758723 -69.848655 55.2871874253 -99.9
85.77709 -69.753676 89.176018652 -99.9
85.795035 -67.830364 151.482163718 -99.9
85.809647 -66.341402 79.2819765065 -99.9
85.833491 -69.440925 109.698699827 -99.9
85.83545 -69.774787 64.3850499673 -99.9
85.857442 -69.435269 66.1710484732 3.8
85.866462 -69.409465 138.759457552 2.04
85.89314 -69.14841 58.7548224788 -99.9
85.899423 -66.409906 55.3494187985 -99.9
85.953425 -69.341422 84.0492461959 -99.9
86.011676 -69.225563 68.2317364982 -99.9
86.101757 -69.526597 79.1820194388 -99.9
86.137737 -69.427521 62.4911020248 0.553
86.168846 -67.29479 241.674636111 0.653
86.334096 -69.778986 287.292728745 -99.9
86.342939 -67.372025 72.471164099 1.04
86.351292 -69.836146 170.307033645 -99.9
86.389354 -69.832235 134.955535399 -99.9
86.437882 -67.157849 100.423883716 4.85
87.013716 -69.885891 175.273840954 1.31
87.039243 -69.882925 234.807208008 2.04
87.074858 -69.8887 64.2414066494 -99.9
87.219068 -70.047349 97.452169061 -99.9
87.229204 -70.086282 142.913046211 1.59
87.237897 -69.958589 81.5426271364 -99.9
87.485642 -68.286587 53.7485778716 -99.9
88.127582 -68.870166 62.4027164664 0.654
88.437675 -68.350716 94.7582295534 1.59
88.982063 -68.209817 119.789935617 -99.9
