70.13942 -68.6403
70.15537 -69.05602
70.41473 -68.5466
70.72699 -69.62198
71.31424 -69.01083
71.74841 -69.37142
71.81955 -67.22756
71.85921 -70.59028
71.91278 -69.34349
71.93786 -69.68004
72.03664 -68.7054
72.24225 -68.79506
72.25177 -68.67977
72.28064 -69.3892
72.28325 -69.12199
72.29953 -68.73148
72.35562 -68.50736
72.39293 -69.09702
72.46758 -68.1559
72.52668 -67.62879
72.52741 -68.43966
72.59086 -68.86587
72.63415 -68.81212
72.64897 -69.47601
72.78715 -68.87274
72.91901 -68.793
72.94209 -69.72112
72.97704 -67.47781
72.98181 -70.61756
73.01232 -67.26086
73.05825 -66.91171
73.08474 -69.1691
73.17997 -70.79369
73.18356 -70.80343
73.20364 -69.5312
73.22383 -66.67477
73.27215 -68.5997
73.29688 -68.5898
73.32519 -66.67916
73.32587 -68.68736
73.35616 -67.07014
73.37587 -69.05464
73.43434 -66.19615
73.52084 -68.65751
73.60574 -69.31245
73.61786 -69.16808
73.67833 -65.77723
73.72378 -68.37793
73.72812 -66.45102
73.73634 -66.49454
73.73686 -69.24896
73.80978 -68.22015
73.87738 -68.4369
73.94884 -68.62184
73.97358 -71.58214
74.0222 -66.63254
74.02823 -67.29471
74.04588 -69.44426
74.0562 -69.54194
74.09678 -69.46357
74.2267 -68.93157
74.24715 -69.19961
74.25105 -69.52503
74.26175 -66.69583
74.29557 -69.07512
74.35136 -66.01182
74.43575 -67.70427
74.45888 -66.4916
74.48391 -66.1503
74.52425 -68.48081
74.53817 -69.40961
74.64777 -67.93727
74.66184 -66.25563
74.69159 -68.34382
74.71112 -66.12924
74.88184 -66.50761
74.9351 -67.67736
74.95044 -65.98828
75.02431 -66.26086
75.07167 -67.116
75.07552 -69.47475
75.10792 -68.12712
75.26318 -65.98457
75.3435 -69.00777
75.44423 -65.71498
75.45076 -67.79176
75.57987 -65.91699
75.59368 -65.47355
75.60073 -66.11034
75.63115 -68.09332
75.72149 -66.12692
75.73892 -67.35296
75.75149 -70.25054
75.77005 -66.05877
75.79654 -66.43124
75.85693 -65.45648
75.86703 -65.69463
75.89018 -66.70539
75.91047 -67.29842
75.91214 -69.03294
75.91508 -66.77872
75.92915 -66.74903
75.95625 -67.33836
75.98448 -67.4569
75.99601 -65.80032
76.01369 -67.16113
76.02325 -68.39451
76.08902 -66.55599
76.10128 -65.9077
76.1217 -66.39201
76.12546 -71.2065
76.15309 -70.16593
76.15908 -66.52154
76.1688 -67.05325
76.17229 -65.94504
76.19068 -66.81644
76.20512 -67.01877
76.24454 -67.41411
76.27005 -68.96342
76.27254 -68.08805
76.32587 -67.83731
76.41186 -68.2578
76.48688 -68.33425
76.49266 -68.15653
76.49728 -66.70235
76.50015 -66.98588
76.52715 -69.05073
76.64198 -69.17982
76.65695 -68.97139
76.72019 -68.68678
76.73674 -71.45733
76.76296 -68.03614
76.77522 -70.44877
76.80796 -67.81295
76.82634 -69.12858
76.8265 -68.82026
76.8288 -68.64732
76.87975 -65.66374
76.9477 -68.73085
76.95353 -70.58899
76.99737 -68.65715
77.04478 -70.5124
77.06126 -71.07714
77.06311 -68.69974
77.12722 -69.37705
77.14976 -71.29181
77.19252 -70.12201
77.21625 -67.0528
77.3148 -69.13492
80.44677 -70.0691
77.34165 -69.37678
77.35639 -68.48978
77.37322 -69.1306
77.43192 -68.56829
77.43945 -67.27535
77.46632 -69.04301
77.55735 -69.46575
77.60296 -68.32386
77.61758 -68.94116
77.68088 -68.93737
77.68534 -69.20918
77.70495 -69.4811
77.75862 -68.57839
77.76125 -67.82476
77.84986 -70.44518
77.87317 -68.1048
77.91395 -69.33833
77.93399 -69.44498
77.98212 -69.50577
78.04473 -68.68653
78.09268 -69.6732
78.09379 -69.04303
78.13713 -68.22726
78.15402 -68.21548
78.17416 -70.99192
78.19971 -69.05197
78.23709 -68.9725
78.2574 -69.56418
78.28535 -68.48515
78.29647 -69.58494
78.32208 -69.37685
78.32309 -69.36902
78.32641 -68.06144
78.34233 -69.50242
78.34578 -67.47854
78.38302 -71.71765
78.3897 -67.78742
78.41962 -69.30073
78.4401 -66.93885
78.44024 -68.79485
78.45292 -69.3151
78.46389 -70.78234
78.48505 -69.53291
78.5056 -67.43052
78.67999 -68.84289
78.69397 -66.84153
78.7217 -67.41677
78.81317 -68.89334
78.81772 -68.92769
78.85323 -67.60922
78.85612 -66.31802
78.86192 -67.84882
78.86453 -66.65058
78.86861 -67.47743
78.87335 -67.97577
78.88858 -67.97513
78.91397 -69.65923
79.01491 -68.21513
79.01495 -67.53942
79.01824 -67.49083
79.04444 -69.24477
79.10204 -68.92447
79.10375 -69.00024
79.11313 -69.43974
79.13834 -69.52477
79.22537 -70.38757
79.2608 -69.38465
79.28853 -69.59297
79.34426 -67.66141
79.34752 -69.14222
79.39326 -68.34037
79.40623 -67.9303
79.40667 -66.70352
79.41592 -69.95147
79.46212 -67.96538
79.47799 -67.29308
79.49322 -69.83049
79.53738 -68.23631
79.54872 -70.50749
79.55968 -69.25033
79.58805 -68.82288
79.58834 -67.20605
79.61719 -68.06782
79.63102 -68.99064
79.66872 -69.51736
79.68847 -70.09293
79.68938 -69.05605
79.7016 -69.55965
79.7149 -66.62409
79.7191 -69.65537
79.76573 -66.46214
79.7666 -66.27466
79.86546 -70.32967
79.92626 -69.09312
79.94218 -68.89788
80.01228 -66.5744
80.07309 -67.43482
80.08589 -69.52093
80.08897 -67.83135
80.09984 -69.90646
80.12714 -66.82599
80.12902 -69.56552
80.14339 -70.00921
80.18941 -66.04133
80.19986 -69.66565
80.24651 -68.89825
80.25686 -69.23818
80.28232 -69.37487
80.29057 -69.55138
80.2933 -70.28708
80.31733 -67.75333
80.31736 -71.71434
80.33704 -65.48553
80.44429 -69.61184
80.46799 -67.6842
80.4756 -70.07955
80.48442 -67.31646
80.51371 -68.32263
80.51767 -69.25574
80.54762 -67.90044
80.54972 -69.07237
80.57712 -69.83709
80.5822 -65.72189
80.58737 -69.33378
80.59981 -70.0148
80.62291 -67.13237
80.63548 -66.30367
80.63858 -66.32605
80.70684 -71.54427
80.71626 -67.18037
80.72256 -67.63969
80.731 -66.70088
80.74538 -68.06281
80.75562 -66.87107
80.75897 -68.06658
80.77038 -66.18325
80.77839 -70.03678
80.81266 -69.93554
80.90402 -70.15151
80.91457 -66.79703
80.96655 -67.02316
80.96778 -69.69082
81.0016 -69.662
81.0272 -67.4495
81.03416 -66.5696
81.04628 -69.35743
81.0559 -69.68691
81.06088 -68.68602
81.06311 -70.58458
81.10156 -68.42568
81.10282 -68.42369
81.12472 -66.19306
81.17499 -67.32981
81.24359 -67.97733
81.24741 -68.92052
81.25641 -66.42759
81.27071 -69.71303
81.28716 -69.67338
81.32827 -69.20003
81.33289 -65.74366
81.35929 -68.66027
81.35958 -69.79134
81.36392 -70.26037
81.36446 -66.06315
81.37117 -68.83923
81.40246 -69.97141
81.50365 -67.73769
81.50704 -67.14814
81.51895 -68.96042
81.5223 -66.0058
81.56922 -68.83937
81.57347 -66.0463
81.63886 -67.89458
81.64331 -65.87935
81.71605 -71.29921
81.74885 -70.36484
81.76185 -67.24756
81.77948 -70.33386
81.83508 -66.06056
81.88504 -69.14743
81.92 -70.47824
81.92671 -68.55357
81.94537 -69.02988
81.94593 -69.32038
81.94828 -71.81465
81.95816 -67.42785
81.98443 -68.19954
81.99868 -69.94413
82.00256 -67.46524
82.00811 -67.51199
82.0319 -67.28431
82.05423 -69.2079
82.07019 -70.03711
82.07027 -69.50468
82.13588 -69.07792
82.14594 -69.01117
82.16225 -69.61139
82.16861 -71.27948
82.19311 -68.77592
82.20333 -70.02692
82.2091 -67.50295
82.2148 -67.71182
82.22724 -69.87808
82.24918 -67.28921
82.27829 -68.144
82.42054 -68.86699
82.48022 -68.80257
82.5453 -69.844
82.65107 -69.52329
82.71703 -69.42849
82.74471 -69.48241
82.78354 -68.65875
82.84056 -70.29442
82.85693 -68.77085
82.86845 -70.17423
82.87924 -68.57148
82.88285 -66.2275
82.89455 -67.92287
82.95808 -69.09588
82.96175 -70.28494
82.96638 -69.27416
82.96803 -69.86315
82.99904 -67.66235
83.01286 -68.66817
83.02529 -66.5064
83.05086 -69.52528
83.05405 -70.04685
83.05597 -69.33215
83.07809 -68.29205
83.08773 -67.92125
83.11338 -68.66341
83.1214 -69.08189
83.14953 -69.33999
83.16401 -67.66037
83.17745 -69.43646
83.20569 -67.49885
83.22231 -66.12435
83.22289 -69.98753
83.23412 -68.22772
83.30114 -69.70944
83.33228 -69.69578
83.36636 -68.16117
83.39799 -68.93254
83.41823 -69.87655
83.49571 -69.57138
83.50625 -70.08121
83.55937 -66.04351
83.67735 -68.10857
83.68655 -67.64858
83.70057 -70.19255
83.72405 -69.1339
83.73298 -69.74132
83.76409 -66.312
83.76452 -66.2479
83.77311 -66.10995
83.77314 -68.57117
83.77858 -69.07266
83.78096 -69.32284
83.83308 -66.03592
83.86915 -66.04051
83.90507 -66.99592
83.90678 -70.10668
83.94047 -69.62943
83.97108 -67.57038
83.98027 -66.6142
84.02433 -69.9674
84.0401 -70.1021
84.04578 -68.92923
84.05596 -67.22024
84.05822 -69.48289
84.06763 -70.43928
84.13552 -70.29401
84.16705 -66.65829
84.20047 -66.14741
84.2148 -71.02903
84.24716 -69.681
84.25224 -69.90894
84.32466 -69.5026
84.33641 -70.67224
84.35346 -69.14584
84.36459 -69.5879
84.37738 -67.67824
84.40622 -67.58167
84.42344 -69.5933
84.46076 -69.16696
84.48166 -70.09699
84.51951 -69.98848
84.58465 -70.28103
84.58804 -66.08855
84.62897 -68.91958
84.66991 -68.40007
84.67712 -68.41013
84.68119 -69.10809
84.71108 -66.01639
84.71142 -69.78444
84.82051 -67.2977
84.86141 -68.11527
84.90862 -70.16138
84.90936 -68.96118
84.91246 -69.41188
84.91435 -69.00829
84.91467 -69.4981
84.93418 -69.3043
84.93478 -71.06403
84.94715 -68.61216
84.96422 -69.95107
84.97662 -67.80591
84.99412 -70.17885
85.00437 -69.29024
85.02437 -66.60763
85.04698 -71.57094
85.05938 -71.55093
85.08282 -67.22475
85.11191 -70.53415
85.14142 -69.41942
85.15399 -69.99756
85.16076 -70.46683
85.17286 -69.95773
85.17576 -69.96195
85.19941 -70.43089
85.21172 -69.83388
85.22414 -69.37143
85.22584 -69.41099
85.24912 -69.64448
85.28287 -68.27911
85.28495 -67.4818
85.29128 -70.21439
85.30886 -69.2925
85.31353 -70.91333
85.32482 -68.64867
85.33636 -69.07882
85.36691 -70.25048
85.43401 -67.44309
85.43755 -68.31895
85.47432 -71.15104
85.4829 -71.36737
85.51147 -69.5916
85.53802 -69.68594
85.56266 -68.2019
85.5672 -69.94354
85.59995 -66.56129
85.60418 -68.30959
85.61248 -69.08739
85.61333 -68.29617
85.64794 -70.23173
85.65485 -68.53425
85.66295 -71.34425
85.67408 -70.31991
85.7061 -70.48265
85.71001 -69.0645
85.71929 -67.82798
85.74538 -71.52335
85.78856 -69.74845
85.90502 -69.3704
85.92098 -71.08645
85.92923 -66.77767
85.94455 -69.15013
85.95407 -68.73277
86.02584 -70.22839
86.0505 -69.40885
86.08989 -71.5068
86.10535 -69.4184
86.11189 -67.40698
86.11977 -69.47342
86.16217 -67.49094
86.18174 -67.29075
86.19748 -67.59178
86.24553 -70.32597
86.26612 -68.48755
86.32254 -66.66978
86.35094 -68.51152
86.37273 -68.19611
86.39674 -70.38857
86.39987 -67.54034
86.41902 -69.58148
86.43433 -69.23476
86.44293 -67.54427
86.46785 -66.8395
86.59857 -71.09515
86.63573 -67.42345
86.67472 -68.18095
86.73625 -69.65308
86.83019 -68.564
86.84715 -70.47906
86.94068 -68.12615
86.96265 -66.48529
86.99386 -69.90013
87.06107 -69.31564
87.12147 -68.96481
87.19051 -70.09324
87.25 -70.55628
87.50094 -69.51839
87.55238 -68.66883
87.60874 -69.93416
87.75107 -68.94033
87.76021 -68.94418
87.92048 -69.71041
87.93026 -68.76195
87.97286 -69.45532
88.00711 -69.63846
88.22987 -69.49926
88.62901 -68.16195
88.92523 -68.37271
72.19879 -69.21342
72.31796 -69.34667
72.61821 -69.39847
72.73846 -69.32558
72.75067 -69.32622
72.75937 -69.33036
72.94354 -67.01986
72.97204 -69.39128
73.00175 -69.39517
73.00329 -69.36178
73.01637 -66.91631
73.03725 -66.92706
73.09842 -69.33925
73.22358 -69.96364
73.41396 -70.54528
73.46429 -69.19381
73.51267 -69.19436
73.54054 -69.16297
73.547 -69.18625
73.57504 -69.15925
73.602 -66.74144
73.60858 -69.18397
73.94333 -66.41919
74.0385 -70.56067
74.1195 -66.52872
74.17179 -66.52578
74.21592 -66.52583
74.22537 -69.20344
74.24937 -66.40719
74.26462 -68.75375
74.28683 -66.39031
74.3185 -68.40669
74.3195 -68.42906
74.32008 -68.44667
74.34296 -66.40567
74.34742 -68.42378
74.35725 -66.42939
74.35867 -68.43003
74.36008 -66.38011
74.40671 -66.45742
74.41267 -66.45869
74.44867 -66.47136
74.45508 -66.48342
74.45942 -66.49717
74.46296 -66.45003
74.67696 -66.14325
74.71512 -66.16239
74.76379 -66.27867
75.13579 -66.35361
75.35617 -65.90272
75.36846 -66.68281
75.38804 -65.904
75.58592 -69.04678
75.83962 -65.51728
75.85829 -68.47358
75.86821 -68.47692
75.98171 -67.31914
76.01417 -69.07639
76.12133 -70.72831
76.13412 -70.90389
76.16604 -70.90528
76.17425 -68.04986
76.19175 -70.17717
76.19625 -66.81953
76.21362 -70.11836
76.22033 -68.45075
76.22208 -70.13108
76.2435 -67.53464
76.25258 -68.0555
76.33212 -66.91214
76.3345 -66.91847
76.68846 -68.15431
77.13004 -68.72722
77.32829 -68.80375
77.45462 -68.87517
77.45883 -68.90747
77.51667 -68.91064
78.04121 -70.48061
78.22733 -69.02603
78.23287 -69.27722
78.32371 -69.37361
78.35187 -69.36147
78.35454 -69.37919
78.36775 -69.37828
78.37129 -69.19208
78.46025 -69.38233
78.49875 -67.34419
78.80317 -70.021
79.15458 -69.71289
79.167 -69.75275
79.17042 -68.20478
79.22087 -69.13803
79.37775 -66.72708
79.38004 -66.73014
79.38167 -66.72469
79.40279 -71.25561
79.45337 -69.25083
79.55775 -69.65722
79.60687 -70.09242
79.62104 -69.66408
79.6215 -69.24947
79.72729 -69.64025
79.73575 -69.27897
79.78762 -69.63339
79.80112 -69.152
79.84575 -69.66125
80.15442 -66.77347
80.33683 -68.03825
80.34371 -69.98789
80.35871 -67.79508
80.36421 -69.03864
80.37404 -69.68006
80.39021 -65.48014
80.40125 -67.77872
80.40358 -65.48961
80.44621 -67.94911
80.48737 -67.95003
80.49254 -67.93167
80.51637 -68.47906
80.52617 -67.94975
80.5355 -67.98947
80.53654 -67.89025
80.54942 -67.97169
80.54979 -67.78719
80.54987 -69.68583
80.55012 -68.64767
80.551 -67.97033
80.55237 -67.97564
80.58767 -68.08758
80.62075 -67.89425
80.63217 -68.05533
80.636 -68.05047
80.67487 -67.91683
80.70471 -68.02475
80.71508 -68.07683
80.72967 -68.06928
80.73662 -68.06858
80.73979 -68.07058
80.93117 -68.00942
81.00979 -69.66342
81.06237 -69.65403
81.07508 -69.42997
81.29187 -69.34042
81.34225 -66.2605
81.35512 -67.48989
81.42304 -66.25794
81.45529 -66.25242
81.48487 -66.15717
81.49096 -66.13894
81.52192 -68.60258
81.53417 -68.62089
81.53554 -67.61819
81.55037 -68.82908
81.55587 -68.78747
81.56483 -67.35347
81.58467 -66.04328
81.58508 -69.31019
81.60275 -68.81397
81.6305 -68.80928
81.69421 -68.81311
81.83008 -70.56869
81.8415 -71.39661
81.85437 -70.56747
81.8715 -70.56594
81.98333 -67.42633
81.98787 -67.42286
82.01679 -69.35936
82.11558 -69.00142
82.22046 -71.15567
82.47692 -71.08511
82.48567 -71.07778
82.54304 -69.15942
82.69496 -71.14569
82.72929 -68.59886
82.77117 -71.13231
82.77354 -71.11681
82.823 -71.06519
82.87662 -71.06808
82.88908 -68.47661
82.98983 -68.65319
83.01425 -67.70714
83.02454 -66.42525
83.03258 -71.22678
83.03571 -66.38708
83.03987 -69.77986
83.05087 -67.70286
83.07283 -67.69878
83.13462 -67.68619
83.21837 -69.77225
83.23112 -67.49572
83.2845 -67.43119
83.42562 -68.76742
83.42612 -68.77778
83.76208 -69.64192
83.76662 -66.31481
83.83067 -69.20939
83.87067 -67.58792
83.89425 -66.04992
83.93446 -69.64558
83.93871 -69.21322
83.93887 -69.22061
83.95258 -69.64367
83.95883 -69.63375
83.96617 -69.63722
84.03975 -69.30153
84.04083 -69.53703
84.10917 -69.27978
84.13321 -66.39967
84.17558 -66.80703
84.20862 -69.21514
84.35162 -69.14308
84.39862 -69.10289
84.42762 -69.16211
84.442 -69.18064
84.5235 -69.15267
84.5635 -69.11514
84.60667 -70.69078
84.63175 -69.03739
84.63787 -69.10328
84.64417 -69.09917
84.64487 -69.10169
84.6635 -69.09786
84.66487 -69.16597
84.66537 -69.09392
84.68812 -69.08553
84.69562 -68.80161
84.70071 -69.06992
84.70529 -69.079
84.71946 -69.07708
84.7245 -69.15869
84.73533 -69.07139
84.74342 -69.07631
84.76842 -69.07053
84.77629 -69.51217
84.80279 -69.49483
84.80329 -69.51161
84.83092 -70.22075
84.85429 -70.21528
84.87221 -69.60517
84.87267 -69.59922
84.89108 -69.78378
84.91137 -69.65119
84.91258 -69.65317
84.92454 -69.77
84.93025 -69.6485
84.93167 -69.639
84.93258 -69.64278
84.93471 -69.64653
84.93562 -69.74339
84.93825 -69.74733
84.94142 -69.64422
84.95387 -71.15692
84.967 -71.15069
84.96712 -71.15853
84.97271 -69.42792
84.97958 -71.17703
84.99383 -71.17072
84.99725 -69.75731
85.01746 -69.63678
85.02154 -69.64519
85.03954 -69.74819
85.05 -70.15444
85.07917 -69.746
85.08887 -69.82889
85.13975 -70.54469
85.1575 -70.15389
85.18437 -70.47353
85.1845 -70.16753
85.22604 -69.55519
85.231 -70.73253
85.23704 -70.72258
85.30671 -70.39142
85.40062 -71.32364
85.42775 -71.32456
85.42862 -69.81725
85.58817 -69.10583
85.93671 -67.44761
85.984 -69.50008
86.14817 -69.39761
86.17604 -66.29264
86.18079 -67.29247
86.18858 -67.14914
86.20496 -69.54147
86.20679 -67.32631
86.3425 -69.805
86.60312 -67.32125
86.62654 -69.58294
86.80404 -70.73803
86.81517 -69.84847
87.04771 -69.89997
87.08517 -69.88353
87.15929 -70.03558
87.17204 -70.09353
87.18454 -70.06667
88.96221 -68.21308
88.97358 -68.19136
89.00237 -68.21389
72.24975 -68.9185
72.40446 -69.20028
72.76658 -69.32292
73.00712 -69.36578
73.07317 -69.52275
73.08196 -70.60442
73.1735 -69.18711
73.19192 -69.54583
73.89208 -65.95039
74.2605 -66.41758
74.30612 -66.31667
74.36104 -66.57733
74.40262 -69.12758
74.4095 -66.35656
74.47 -66.33503
74.56029 -69.1045
74.58487 -70.37925
74.78067 -65.72036
75.16042 -66.31975
75.67579 -66.17147
76.15929 -67.12475
76.17746 -67.55703
77.22108 -68.3775
77.40408 -67.91914
77.40733 -68.81139
77.4575 -68.90058
77.45879 -68.89706
77.48858 -69.34258
77.69546 -67.10058
78.09929 -70.47178
78.11746 -69.13217
78.33179 -69.34839
78.45158 -67.09089
78.46067 -69.30689
78.48887 -69.4095
78.72392 -70.57044
78.89654 -67.97619
79.07846 -66.29797
79.36179 -69.35883
79.41058 -71.26169
79.46992 -69.97194
79.60679 -69.237
79.61325 -69.30747
79.822 -69.52983
80.14446 -68.58839
80.28992 -70.22856
80.34596 -66.06303
80.37762 -71.98644
80.56212 -69.69086
80.68125 -65.70639
80.69279 -65.69244
80.7425 -69.84828
80.79529 -66.71919
80.81325 -68.00475
80.91875 -68.09117
80.96271 -67.89081
81.04333 -69.65294
81.07554 -68.45142
81.08762 -69.67258
81.23208 -66.16067
81.33687 -68.46153
81.42758 -66.196
81.50546 -66.25867
81.51075 -67.43911
81.56187 -66.04094
81.56925 -67.36161
81.576 -67.27517
81.60708 -67.43333
81.70125 -68.81714
81.74687 -71.29211
81.91454 -71.67819
81.92408 -67.45911
81.93379 -67.45175
82.01808 -68.99308
82.032 -67.39714
82.28033 -69.08092
82.38204 -68.98833
82.54217 -66.95689
82.64592 -68.55103
82.66342 -68.4025
82.70371 -69.06775
82.76767 -71.12667
82.81621 -71.08561
82.85579 -68.50997
82.88729 -70.30775
82.91825 -68.46867
83.0125 -69.78378
83.02187 -67.72942
83.07104 -67.69511
83.081 -68.67622
83.126 -69.16561
83.40854 -72.70342
83.54017 -68.81594
83.59892 -69.77922
83.68271 -69.37447
83.72804 -69.63919
83.74504 -68.56233
83.85167 -67.575
83.85792 -69.24128
83.89362 -68.39989
83.93617 -67.73878
83.93654 -69.21822
83.96675 -69.65686
83.99092 -69.63108
84.098 -69.16725
84.11508 -69.24303
84.17675 -70.12964
84.22408 -66.95008
84.28662 -69.12231
84.29217 -69.14519
84.29475 -69.15878
84.32875 -66.27836
84.33029 -69.35331
84.33779 -69.16978
84.37358 -69.14064
84.39912 -69.18144
84.46262 -69.15944
84.522 -69.48064
84.52867 -68.96561
84.54158 -69.05611
84.54304 -69.221
84.58792 -69.10478
84.5935 -69.11233
84.61412 -69.13583
84.64192 -69.08117
84.66025 -69.07175
84.67179 -69.04972
84.68887 -69.04767
84.69162 -69.15856
84.69475 -68.81933
84.70358 -69.14111
84.7315 -69.07403
84.75212 -69.27414
84.75362 -69.25611
84.77592 -69.49192
84.78783 -69.50158
84.78804 -69.02464
84.79871 -69.17692
84.80304 -69.01992
84.82467 -69.55686
84.82696 -69.12792
84.84475 -69.50325
84.84996 -69.51261
84.89525 -69.6555
84.91992 -69.77558
84.92467 -69.30528
84.95492 -69.62983
84.96387 -69.43906
84.96587 -70.02144
84.96742 -71.1695
84.98546 -71.15894
84.98983 -68.90425
85.01479 -69.78611
85.03004 -69.53447
85.05321 -68.99153
85.05487 -69.83022
85.07354 -69.67703
85.18308 -70.48847
85.22092 -70.52386
85.22637 -70.22189
85.23258 -69.27075
85.25742 -70.72772
85.457 -71.35658
85.51225 -66.97558
85.54887 -68.96647
85.724 -68.95317
85.8675 -69.13747
85.87896 -66.30922
85.88179 -69.46356
85.94812 -67.45586
85.94917 -67.45967
86.00642 -69.46797
86.01762 -69.33381
86.08808 -69.40786
86.11937 -69.41339
86.58754 -69.87969
86.97375 -69.80764
87.06967 -69.87764
88.81079 -68.10769
89.82304 -66.28447
90.43067 -69.14189
68.72304 -70.356073
68.734929 -69.819604
69.711426 -69.506527
70.71216 -70.573921
70.75841 -70.568276
70.768431 -70.65571
70.80356 -70.647124
70.927121 -68.688296
71.439018 -69.993939
71.542228 -66.716278
71.622668 -70.613545
71.823256 -69.158169
71.89197 -70.528055
71.949421 -70.533288
72.154609 -67.30926
72.157229 -69.393688
72.166476 -69.340052
72.196006 -67.316569
72.208295 -69.157965
72.210166 -69.173782
72.221142 -69.203542
72.224492 -69.225036
72.226401 -69.1632
72.227991 -69.349225
72.230865 -69.345995
72.237493 -69.19527
72.247408 -68.355142
72.253055 -68.416233
72.256208 -68.392082
72.260521 -69.361258
72.304275 -69.290624
72.331705 -69.226061
72.335953 -69.223703
72.353079 -68.383306
72.356591 -69.199825
72.356838 -69.264356
72.36401 -69.20133
72.377706 -68.491581
72.381693 -68.367904
72.415584 -69.341689
72.423323 -69.289515
72.430992 -69.216768
72.443921 -69.232398
72.447332 -67.635923
72.455816 -69.367084
72.480042 -69.497843
72.503182 -69.566526
72.505078 -69.483535
72.505397 -70.791505
72.510072 -69.447783
72.512678 -69.402415
72.518004 -68.417644
72.528793 -69.200618
72.530314 -69.550303
72.532455 -69.53782
72.539215 -68.425388
72.540805 -69.484976
72.554199 -69.183536
72.559947 -68.447381
72.575147 -67.646651
72.5834 -69.521202
72.608756 -69.322288
72.611506 -69.21284
72.614421 -69.509651
72.642051 -67.719021
72.647523 -69.489856
72.654252 -67.71035
72.666546 -69.199832
72.677952 -69.481898
72.679814 -69.03198
72.727255 -70.367131
72.7343 -70.405427
72.751861 -69.01703
72.758405 -69.007856
72.767168 -66.911666
72.774641 -70.399565
72.774732 -67.415781
72.797924 -69.446349
72.802563 -69.344937
72.839073 -70.390486
72.899888 -67.652562
72.912787 -66.956143
72.922144 -66.92027
72.949824 -67.195513
72.965106 -69.116671
72.965627 -69.135942
72.977027 -67.317903
72.980867 -67.49704
72.984945 -67.487405
72.996153 -69.644647
72.997313 -67.007985
73.001184 -69.301335
73.004443 -69.335835
73.012728 -67.015825
73.015143 -67.139082
73.018759 -69.346284
73.025745 -69.3195
73.031744 -67.24552
73.036419 -69.224233
73.037753 -69.51885
73.039061 -67.159584
73.039301 -66.922114
73.04082 -67.14416
73.056961 -70.583778
73.058426 -69.704387
73.064273 -67.14646
73.066066 -67.252074
73.074404 -66.914517
73.074953 -67.254745
73.078141 -69.320564
73.080546 -69.548183
73.091198 -69.382321
73.096891 -69.378255
73.10287 -66.62804
73.108475 -69.351311
73.111426 -69.348348
73.11417 -66.886853
73.116533 -69.596025
73.11664 -69.770263
73.118848 -68.913986
73.12366 -69.21421
73.125409 -67.110959
73.129344 -67.267861
73.13351 -67.28221
73.139897 -66.928548
73.145657 -69.462268
73.163894 -68.893702
73.165387 -69.340395
73.172693 -68.851894
73.188202 -66.973718
73.189725 -69.196892
73.191321 -68.683473
73.198481 -69.328998
73.223764 -69.31848
73.229998 -68.126137
73.234147 -68.809956
73.241091 -66.933236
73.241385 -69.437759
73.242284 -68.059773
73.242295 -68.122266
73.244208 -68.048906
73.246326 -69.225475
73.248877 -70.7043
73.25494 -68.0919
73.269999 -69.485944
73.272322 -68.09604
73.292494 -69.473148
73.295483 -69.198271
73.296008 -67.065283
73.319477 -70.59099
73.331073 -68.797161
73.343116 -70.589134
73.344188 -66.901049
73.350074 -69.776275
73.350176 -68.784813
73.358167 -70.59326
73.35848 -69.39104
73.373614 -69.536939
73.384233 -69.811372
73.397623 -70.542369
73.405483 -66.986893
73.415584 -69.142747
73.450909 -70.432306
73.459334 -67.231844
73.462533 -66.965938
73.468033 -69.354867
73.471777 -69.973125
73.480729 -69.325273
73.488033 -69.325664
73.488238 -66.73527
73.493048 -67.174582
73.493683 -69.18488
73.493977 -66.789088
73.494086 -66.790932
73.498463 -69.167209
73.498489 -67.120609
73.501731 -69.156729
73.502235 -69.19798
73.515422 -67.271269
73.520797 -68.325891
73.523613 -69.327264
73.523694 -66.751565
73.526633 -66.766753
73.529265 -69.691903
73.532484 -69.590548
73.534321 -66.775116
73.541655 -68.368631
73.541791 -68.366393
73.547515 -66.207479
73.548481 -69.409185
73.54963 -67.273564
73.553254 -68.385758
73.561349 -69.22809
73.575553 -68.599701
73.58229 -68.570615
73.584184 -69.339653
73.598665 -66.790572
73.602683 -69.494451
73.619535 -69.160575
73.649045 -65.920798
73.677229 -69.139493
73.678409 -67.202604
73.683512 -69.655372
73.685782 -67.322001
73.689688 -69.273377
73.704654 -68.345972
73.709071 -70.725154
73.713789 -69.3102
73.717551 -66.608511
73.723478 -65.885212
73.728329 -69.816468
73.733638 -67.193499
73.734751 -69.157877
73.737085 -66.999298
73.742193 -66.175643
73.748793 -69.361223
73.7537 -70.452195
73.760866 -69.319833
73.77172 -69.237226
73.775635 -69.284327
73.787933 -71.648775
73.79609 -66.472755
73.804505 -66.040429
73.807417 -65.836975
73.81389 -68.620794
73.817077 -66.529863
73.824292 -66.529685
73.843103 -68.619129
73.85148 -66.521198
73.851877 -69.313404
73.855761 -69.633603
73.86114 -69.26667
73.861434 -68.418761
73.861546 -68.42392
73.862819 -66.446339
73.863089 -65.976218
73.865387 -66.488191
73.86543 -69.585977
73.871182 -68.604924
73.877807 -65.963534
73.886498 -69.088104
73.888631 -69.417227
73.900305 -68.563876
73.901447 -66.526927
73.903541 -66.547958
73.905031 -66.572605
73.909584 -67.21638
73.909612 -66.468436
73.911564 -66.539002
73.915879 -66.573049
73.923156 -66.575718
73.927396 -71.342899
73.928312 -69.542966
73.932184 -66.41028
73.938852 -68.59556
73.957163 -66.573037
73.960676 -66.575982
73.972314 -65.987809
73.980407 -71.353529
73.99731 -70.003286
73.999052 -68.677264
73.999191 -68.370082
73.99935 -66.559854
74.002897 -70.228365
74.005691 -68.664883
74.006778 -68.729583
74.009107 -66.473185
74.01288 -68.819231
74.022028 -66.431075
74.024078 -69.445581
74.024667 -66.454876
74.029105 -70.226157
74.030977 -65.827434
74.031832 -66.465932
74.034929 -66.631423
74.049184 -67.694941
74.054887 -69.429194
74.057642 -66.622996
74.061797 -69.104511
74.077624 -66.561234
74.080582 -68.567931
74.082776 -66.578292
74.089597 -67.372195
74.09412 -66.61559
74.098019 -69.402246
74.098341 -69.406547
74.099369 -69.399563
74.100149 -66.24281
74.100584 -69.410701
74.106565 -69.390824
74.113169 -66.640011
74.113255 -66.533021
74.120101 -66.532948
74.125511 -69.373736
74.129229 -66.402146
74.145512 -66.553658
74.148625 -66.560247
74.157472 -69.489027
74.160248 -66.412574
74.167807 -66.559366
74.169362 -66.541638
74.171056 -66.530075
74.176385 -66.536179
74.17757 -66.251015
74.195867 -69.474697
74.197216 -66.408873
74.198586 -66.406109
74.203061 -66.323957
74.206403 -66.624075
74.208147 -66.326415
74.211337 -70.251813
74.227825 -68.743113
74.228571 -66.506556
74.228741 -68.46574
74.229574 -68.741038
74.231939 -66.273235
74.235047 -66.544232
74.237652 -66.566957
74.237992 -68.387641
74.238364 -66.420029
74.245799 -68.430712
74.248462 -66.418721
74.251542 -66.54292
74.254695 -69.175214
74.262294 -68.846902
74.262868 -66.389578
74.267776 -66.571087
74.27058 -66.709637
74.273994 -66.396084
74.27739 -69.18219
74.278463 -68.477025
74.28061 -68.412729
74.285951 -70.390882
74.287203 -68.411525
74.290468 -69.196163
74.291441 -68.745956
74.2947 -69.775478
74.297496 -69.534642
74.300841 -66.584427
74.301904 -68.465288
74.307755 -68.965962
74.308357 -68.744252
74.308828 -70.032138
74.310471 -68.441613
74.317406 -66.388845
74.318172 -69.475406
74.324828 -66.297447
74.32777 -69.497145
74.33191 -68.422928
74.334283 -69.428346
74.336251 -66.470767
74.338946 -66.340192
74.345017 -69.529239
74.350488 -66.327767
74.350912 -66.598117
74.352496 -68.894943
74.353764 -68.723967
74.356865 -67.675769
74.36768 -68.828354
74.375526 -68.96327
74.380316 -67.726925
74.385681 -69.984396
74.39217 -66.255134
74.394485 -67.320508
74.402384 -66.521712
74.414065 -66.453805
74.416319 -66.452848
74.424804 -66.442561
74.449324 -66.311491
74.450158 -69.938114
74.462492 -69.944648
74.466302 -66.280613
74.476044 -66.623604
74.529347 -66.321303
74.52984 -67.686177
74.535686 -68.953366
74.539333 -66.313509
74.545457 -66.514757
74.548021 -66.369848
74.559196 -66.373073
74.559789 -66.36627
74.570755 -70.392287
74.584724 -69.513816
74.587658 -66.488922
74.623456 -70.628982
74.636101 -68.024751
74.647866 -70.37646
74.672597 -66.474439
74.697968 -66.468669
74.703933 -66.164104
74.710405 -66.213964
74.7204 -66.170911
74.726475 -66.121791
74.730998 -66.113108
74.731116 -66.208504
74.73436 -66.23405
74.738135 -69.94772
74.741059 -66.109269
74.75757 -70.815792
74.826321 -65.968804
74.830267 -68.058809
74.835103 -66.337621
74.847068 -70.532518
74.852433 -66.22516
74.886574 -70.852318
74.895514 -70.115157
74.896862 -67.725284
74.897026 -70.127351
74.905597 -70.152839
74.922126 -66.369328
74.976613 -70.160212
74.98117 -70.226389
75.007672 -66.502766
75.007972 -66.26861
75.013498 -66.099217
75.016649 -66.23976
75.023763 -70.056106
75.025554 -66.265303
75.031248 -67.96481
75.052206 -70.049105
75.06735 -66.258334
75.073316 -70.688814
75.074846 -66.269607
75.082276 -69.430267
75.089742 -68.444116
75.134346 -70.013802
75.136552 -67.107538
75.152144 -66.307178
75.153668 -66.358218
75.174226 -65.892006
75.1967 -66.375636
75.201564 -66.368658
75.202961 -66.376044
75.204331 -66.389231
75.204731 -66.390382
75.212842 -66.399978
75.223771 -68.226983
75.236039 -66.321552
75.249871 -70.708922
75.257654 -68.174265
75.268476 -68.868098
75.278055 -66.468712
75.293709 -68.394942
75.400947 -66.702449
75.460805 -70.636871
75.477437 -69.076606
75.496809 -69.556647
75.502652 -70.706464
75.505331 -68.977843
75.505344 -70.161915
75.505818 -68.834253
75.507538 -66.47679
75.585099 -69.059044
75.59315 -70.308496
75.625433 -69.10123
75.642499 -68.433478
75.666836 -68.46637
75.67499 -65.892767
75.67947 -65.836694
75.685029 -67.249484
75.705544 -68.4446
75.715884 -68.102993
75.731064 -71.260273
75.731482 -66.41011
75.74208 -65.889596
75.748079 -69.175596
75.753734 -67.033262
75.765077 -70.577087
75.780837 -65.899609
75.812621 -68.461507
75.822425 -68.466217
75.842054 -66.716044
75.845221 -67.25127
75.850725 -68.197076
75.855356 -67.25564
75.868399 -67.712902
75.869169 -69.046667
75.881766 -66.710539
75.884026 -68.465504
75.886535 -68.530751
75.891429 -66.188867
75.895816 -68.529445
75.905459 -66.731266
75.921131 -66.735135
75.939687 -67.306722
75.939977 -67.323042
75.949076 -67.307456
75.959995 -66.456353
75.968494 -67.340218
75.972189 -67.341431
75.976254 -67.951124
75.977069 -66.605218
75.982664 -67.312408
75.982929 -67.345222
75.995984 -67.196825
76.005707 -70.179365
76.015025 -68.013356
76.01922 -67.983211
76.032105 -71.111735
76.038937 -69.063906
76.040451 -69.060691
76.044044 -70.143359
76.04825 -66.528113
76.058983 -70.170869
76.061307 -68.523381
76.062397 -67.339713
76.068661 -70.73894
76.07134 -67.174338
76.073582 -70.730074
76.074824 -67.213688
76.081216 -70.168771
76.082773 -69.103682
76.087674 -70.199438
76.088832 -67.337126
76.0938 -68.523972
76.094946 -71.09097
76.099964 -67.32941
76.101983 -67.802546
76.104023 -70.728476
76.113012 -70.89539
76.115817 -70.046668
76.130202 -68.912007
76.132715 -70.176846
76.13416 -70.736466
76.150144 -70.908382
76.150221 -66.688975
76.153175 -67.828779
76.158459 -70.912207
76.158735 -69.068708
76.166385 -66.622337
76.179373 -69.103698
76.192002 -70.940609
76.195538 -68.2469
76.199312 -71.177588
76.20107 -66.64835
76.201327 -68.457926
76.202794 -70.206664
76.213 -68.067736
76.214675 -66.635279
76.217937 -70.125594
76.21861 -70.200161
76.220893 -68.05336
76.224312 -66.812349
76.231453 -68.071692
76.25752 -67.570742
76.260843 -68.450341
76.29525 -68.16219
76.295718 -67.395192
76.297169 -68.096949
76.297209 -67.575181
76.300739 -68.016186
76.327926 -68.197821
76.338409 -68.108181
76.341031 -68.02537
76.343783 -70.192544
76.344832 -66.792748
76.34503 -66.908455
76.359568 -68.116912
76.364674 -66.889139
76.364801 -68.112912
76.366221 -69.702328
76.371387 -66.87273
76.375475 -70.202632
76.388483 -66.854924
76.41037 -68.09804
76.478072 -70.126876
76.483237 -70.19149
76.5008 -70.134661
76.524647 -70.185168
76.526823 -68.080178
76.531882 -68.078823
76.544925 -70.180972
76.54816 -70.182145
76.551031 -70.133552
76.564846 -70.729351
76.58234 -67.997119
76.593826 -70.472698
76.625839 -70.490817
76.65821 -68.57124
76.668127 -70.713494
76.670269 -68.153055
76.675341 -68.965265
76.709994 -68.165067
76.714823 -67.896514
76.728615 -68.11081
76.764599 -68.366273
76.811209 -68.995732
76.821354 -68.477308
76.82225 -69.005756
76.825402 -71.202653
76.828934 -71.22581
76.846406 -71.180982
76.853555 -64.9723
76.854952 -68.20308
76.900824 -68.53536
76.904228 -64.710847
76.907271 -69.014547
76.932994 -70.647158
76.940563 -67.136473
76.963865 -68.933364
76.965806 -68.706785
76.985634 -70.581741
76.986429 -68.453611
77.023957 -71.159133
77.04269 -71.254629
77.056797 -69.023847
77.076282 -68.883522
77.093328 -69.924361
77.120262 -69.388352
77.134305 -68.582302
77.141477 -69.385011
77.146138 -69.423658
77.156654 -68.642335
77.163748 -68.969788
77.163777 -68.807776
77.164278 -69.422965
77.171944 -69.412651
77.172396 -69.333144
77.173216 -68.426596
77.179061 -68.746474
77.183692 -68.793931
77.184946 -69.406317
77.185692 -69.076424
77.187567 -69.424629
77.216712 -68.956451
77.223846 -68.737459
77.235397 -68.806097
77.248676 -68.421314
77.277697 -68.737681
77.28995 -66.278215
77.293324 -68.8512
77.293767 -70.231764
77.295559 -68.48835
77.305912 -69.403724
77.309302 -68.504582
77.315661 -69.244876
77.317612 -69.149072
77.330336 -68.811655
77.332071 -68.478425
77.361042 -69.392018
77.36903 -69.284869
77.379351 -68.473213
77.380702 -68.452853
77.392011 -68.64267
77.395443 -68.461766
77.396203 -68.643638
77.399245 -68.557577
77.411231 -67.196673
77.411585 -68.637637
77.416463 -71.462455
77.423753 -71.461699
77.427597 -69.176346
77.437285 -68.994622
77.438714 -67.923151
77.459799 -68.884809
77.46458 -68.889144
77.46622 -68.738508
77.466495 -68.891241
77.466912 -69.395412
77.474315 -68.919915
77.476545 -68.829842
77.479328 -68.941347
77.492986 -68.910111
77.499457 -68.598699
77.541339 -69.227896
77.54327 -69.229605
77.543649 -69.481039
77.55256 -68.926763
77.5548 -69.343409
77.55626 -69.250176
77.580211 -69.433327
77.590441 -69.440104
77.590861 -69.132714
77.598881 -69.439284
77.600625 -70.235054
77.601701 -69.274911
77.609328 -69.043929
77.623224 -68.046254
77.624141 -67.142573
77.647656 -68.885289
77.651991 -68.883912
77.665037 -68.855641
77.67474 -67.117805
77.681626 -67.079517
77.688703 -67.095073
77.694489 -67.083607
77.709352 -68.272825
77.722885 -67.065072
77.733833 -68.832667
77.734051 -69.245629
77.737451 -67.120922
77.753667 -69.258677
77.770092 -65.904333
77.788702 -67.252289
77.83051 -70.24222
77.84984 -70.241906
77.870171 -69.101507
77.872061 -69.203721
77.873934 -69.479943
77.876912 -67.104032
77.908928 -69.023982
77.91443 -67.095989
77.940294 -69.462343
77.984408 -66.999264
78.01487 -67.135522
78.024521 -70.534358
78.034117 -67.173261
78.036235 -69.615712
78.041124 -70.475212
78.054603 -70.466584
78.059366 -70.465123
78.072757 -70.455372
78.081765 -67.812118
78.08273 -70.394727
78.089133 -71.098568
78.092647 -70.454569
78.102484 -69.116094
78.103975 -68.921508
78.122092 -67.154172
78.123041 -67.15271
78.127193 -70.383093
78.127617 -70.405829
78.12888 -70.608806
78.131833 -70.421405
78.134585 -70.416937
78.135531 -69.069366
78.153265 -68.569395
78.165859 -67.329373
78.177194 -70.385585
78.177483 -68.786971
78.180737 -69.30402
78.211567 -65.034039
78.21276 -69.352372
78.221146 -69.055848
78.22424 -69.159029
78.228757 -69.469136
78.228934 -69.338012
78.235507 -68.201999
78.242553 -69.581388
78.245281 -69.119893
78.251117 -69.576852
78.25378 -68.169729
78.256485 -69.17728
78.265881 -67.426716
78.26659 -69.672266
78.273903 -69.658805
78.277635 -69.480144
78.282384 -69.490752
78.283885 -69.134541
78.28458 -67.170828
78.296602 -67.419885
78.308645 -71.811936
78.309613 -69.262509
78.315167 -69.360036
78.324154 -69.334544
78.327134 -69.613471
78.329452 -69.364376
78.33939 -69.378288
78.346698 -69.519732
78.348527 -69.183238
78.351507 -69.180296
78.36069 -69.157934
78.363369 -69.60714
78.369778 -69.170922
78.36997 -69.291375
78.371313 -70.091687
78.378474 -71.320013
78.396348 -69.289405
78.406303 -69.412228
78.40959 -69.383839
78.421184 -69.383762
78.425538 -69.590979
78.432798 -69.260902
78.438749 -70.113519
78.43881 -69.586162
78.449227 -69.58479
78.450444 -69.630746
78.454372 -67.127892
78.457734 -68.476804
78.460585 -69.393335
78.461698 -67.124252
78.463123 -67.455902
78.466405 -69.315743
78.469425 -67.11416
78.473257 -67.338293
78.475068 -67.645033
78.483374 -69.594664
78.496609 -67.380605
78.496664 -69.214434
78.501793 -69.044747
78.507951 -67.422246
78.517613 -67.139094
78.530258 -70.129821
78.533453 -67.331786
78.534808 -67.385949
78.539399 -69.122562
78.549304 -70.25332
78.555464 -67.50379
78.561331 -69.603034
78.568425 -67.461127
78.573927 -69.429964
78.575027 -67.449833
78.575687 -71.702788
78.582724 -69.648695
78.584476 -70.118664
78.592862 -67.469959
78.593124 -69.436627
78.602557 -67.174027
78.627887 -69.446604
78.641108 -70.590248
78.6426 -67.44138
78.662904 -70.58176
78.674153 -69.389842
78.680372 -67.436594
78.685976 -69.518439
78.68822 -67.201242
78.704555 -67.205741
78.717765 -70.160065
78.719821 -67.212399
78.72574 -70.588652
78.741338 -66.489584
78.741641 -67.582292
78.747094 -67.350387
78.756822 -69.522125
78.763353 -70.564281
78.786068 -70.025024
78.790368 -67.938739
78.791818 -69.315029
78.791973 -70.022911
78.809338 -69.521046
78.822592 -68.833702
78.832475 -66.320927
78.837648 -66.317434
78.858162 -67.483037
78.862819 -68.981681
78.875065 -68.993897
78.906683 -66.692908
78.90802 -70.100727
78.91262 -66.66535
78.9213 -67.98075
78.923805 -67.985323
78.934251 -66.675191
78.946479 -69.729213
78.949585 -71.796107
78.957611 -66.292822
78.961849 -68.073591
78.962037 -66.701016
78.979263 -69.686844
78.986133 -68.033283
78.990489 -66.72281
79.003232 -67.411088
79.010493 -69.618957
79.014055 -71.805417
79.029039 -68.060344
79.048398 -67.384681
79.058194 -69.260306
79.065753 -67.951503
79.071894 -69.82074
79.073837 -69.262101
79.074432 -69.399435
79.075912 -71.899396
79.102087 -69.659792
79.121223 -68.822161
79.141785 -69.354983
79.159169 -68.208826
79.180322 -69.40195
79.192054 -68.367472
79.199298 -67.32726
79.203659 -67.328213
79.210762 -69.891263
79.214656 -68.342596
79.225332 -67.334723
79.227007 -69.374265
79.227844 -67.334147
79.229595 -67.331128
79.242591 -69.628041
79.243571 -71.286972
79.260574 -69.623013
79.270162 -69.560474
79.271686 -69.561976
79.275131 -67.788882
79.278722 -69.118488
79.27888 -65.992444
79.285444 -70.804429
79.295654 -64.960141
79.298378 -70.782237
79.302531 -69.274955
79.313575 -69.259074
79.336093 -71.231375
79.342874 -69.055005
79.367415 -66.718532
79.371021 -69.046767
79.37234 -66.709125
79.375871 -69.446091
79.379763 -69.759094
79.386409 -68.3449
79.388211 -69.249051
79.392428 -69.295694
79.393146 -71.248738
79.393416 -69.252375
79.394957 -71.262457
79.396121 -68.987529
79.402441 -68.975427
79.404646 -69.862282
79.404996 -68.814677
79.411785 -69.096771
79.417204 -69.254683
79.417852 -66.701389
79.418593 -71.266196
79.419819 -66.704487
79.430996 -71.259504
79.431113 -68.777976
79.435729 -69.804507
79.448862 -67.906142
79.450418 -69.093808
79.455882 -67.906282
79.465486 -69.529
79.472536 -69.265479
79.473996 -69.464061
79.476263 -69.590793
79.484006 -69.249142
79.487461 -69.312004
79.487676 -69.098771
79.489501 -68.700769
79.49008 -69.247316
79.503146 -69.497409
79.511349 -67.29552
79.511879 -69.281681
79.515104 -70.637788
79.515151 -69.501194
79.519842 -69.538836
79.534411 -68.711169
79.53674 -69.365134
79.540207 -66.346184
79.544203 -69.754805
79.555465 -69.291811
79.556889 -66.813815
79.564321 -69.843973
79.568976 -69.542649
79.582722 -68.905492
79.587377 -69.666429
79.593666 -69.295121
79.629691 -69.146612
79.630769 -66.398455
79.631544 -70.032625
79.635647 -66.067946
79.643998 -69.110676
79.646834 -68.655082
79.647969 -69.411418
79.653713 -69.412711
79.670563 -69.200853
79.673202 -69.13371
79.673222 -69.238638
79.67471 -67.300778
79.685112 -70.232477
79.692192 -67.076456
79.710712 -68.470147
79.718313 -70.600524
79.724858 -68.381149
79.741278 -69.610282
79.747442 -66.521835
79.75512 -69.605291
79.762025 -69.636547
79.763114 -69.660609
79.76502 -69.524608
79.770332 -67.976439
79.777027 -68.360242
79.777292 -69.644952
79.778813 -70.188781
79.780989 -69.228959
79.788549 -69.199414
79.820459 -69.632854
79.821145 -69.638094
79.826761 -69.788969
79.841178 -69.478706
79.845726 -67.696703
79.854644 -68.378302
79.857854 -69.249301
79.871433 -69.711167
79.880621 -69.614304
79.889445 -69.685226
79.903794 -69.503152
79.90505 -69.15614
79.909238 -69.186957
79.919857 -69.852482
79.920143 -69.690609
79.936124 -67.702079
79.94799 -71.23129
79.948861 -68.690641
79.95617 -69.679791
79.959915 -67.819329
79.960629 -68.350753
79.966928 -66.664947
79.968153 -67.630537
79.968459 -69.476797
79.981849 -69.668922
79.982085 -68.719456
80.008115 -68.072505
80.010126 -65.669494
80.017202 -66.670406
80.020066 -68.572755
80.03032 -65.651448
80.031229 -68.787339
80.048011 -69.014285
80.048667 -66.877042
80.048763 -68.632016
80.068681 -66.881518
80.069327 -69.281692
80.070372 -68.982801
80.073683 -69.178717
80.093309 -66.563067
80.134405 -67.89194
80.154142 -70.306129
80.155203 -71.73007
80.155318 -68.558801
80.168548 -70.058164
80.174446 -67.882013
80.185493 -66.874015
80.18915 -69.826634
80.193439 -67.882141
80.194619 -68.609302
80.202841 -68.609719
80.207875 -69.127039
80.226938 -67.749716
80.234983 -66.950789
80.237345 -67.821344
80.247376 -69.985189
80.250023 -70.106701
80.254112 -66.997056
80.256662 -68.067669
80.258748 -68.690003
80.265437 -69.809752
80.27269 -69.977475
80.273961 -69.565836
80.281315 -68.819964
80.286846 -70.236288
80.290607 -65.450948
80.295871 -69.53322
80.297773 -67.926985
80.300629 -70.215226
80.301726 -69.333806
80.302759 -69.044711
80.313737 -69.98083
80.321401 -69.064667
80.32267 -68.034825
80.32286 -69.997007
80.330533 -69.984287
80.336585 -67.787822
80.340883 -67.791479
80.352104 -69.64427
80.353044 -66.069699
80.356154 -69.053443
80.367722 -68.223883
80.371151 -67.897626
80.376397 -68.01818
80.378737 -65.239327
80.384653 -66.517269
80.387584 -68.043372
80.388363 -65.488842
80.392438 -69.671169
80.393593 -66.094385
80.394544 -66.096386
80.395761 -70.007758
80.397858 -67.91257
80.398903 -67.773318
80.399737 -69.705885
80.40076 -66.126608
80.405873 -65.887588
80.407038 -67.774443
80.407922 -66.509628
80.410022 -68.110268
80.414152 -69.929395
80.421911 -65.703219
80.424434 -69.192154
80.424727 -69.334014
80.424852 -67.889811
80.427268 -67.949547
80.435771 -67.761569
80.44156 -69.925576
80.444273 -67.76093
80.444802 -65.702732
80.448098 -69.806475
80.44856 -68.800568
80.449866 -66.60221
80.455765 -69.682408
80.456749 -69.92984
80.471305 -69.683179
80.474568 -68.920765
80.475551 -67.793633
80.47735 -69.350255
80.478118 -68.0815
80.479022 -67.791966
80.479089 -67.941976
80.495062 -67.743702
80.497229 -71.686787
80.497652 -68.816333
80.50916 -67.964947
80.510935 -67.783755
80.512373 -68.472633
80.514624 -67.962916
80.520628 -68.472911
80.525066 -68.817611
80.528909 -68.471975
80.530313 -65.724987
80.532609 -67.97296
80.533984 -71.68461
80.541654 -67.58319
80.543097 -68.130664
80.543163 -68.467323
80.551589 -65.698325
80.552963 -68.598684
80.55329 -65.723912
80.554933 -68.022461
80.559339 -68.211316
80.561626 -68.811465
80.564331 -65.733308
80.564881 -68.835804
80.569859 -68.067761
80.573084 -68.583163
80.581448 -68.077506
80.582576 -69.696764
80.5864 -71.590796
80.589903 -69.684744
80.591942 -71.592026
80.592515 -70.152805
80.595626 -68.683509
80.596781 -69.682703
80.597015 -65.761387
80.602996 -69.709244
80.607257 -71.353483
80.612527 -68.614025
80.615282 -67.903435
80.626772 -68.039415
80.627074 -68.697572
80.627248 -67.912744
80.629015 -68.561732
80.629594 -66.526904
80.631201 -68.607097
80.634936 -69.719833
80.63846 -69.042953
80.643181 -69.719954
80.64486 -68.843632
80.645867 -68.037915
80.660963 -71.36866
80.661462 -69.841947
80.669114 -67.127579
80.680688 -69.816687
80.683074 -65.71906
80.686567 -71.602625
80.691153 -65.682294
80.692912 -69.850683
80.699668 -68.545025
80.700339 -68.018942
80.700661 -69.702592
80.700704 -69.656241
80.703243 -66.72021
80.704108 -68.02011
80.705688 -65.687294
80.707237 -66.681748
80.717535 -71.558294
80.72129 -69.853154
80.725099 -69.040352
80.725702 -68.695667
80.728244 -71.571221
80.732647 -68.852467
80.738534 -69.110009
80.754004 -69.906211
80.756102 -69.836775
80.756373 -69.717333
80.763317 -68.865748
80.773318 -71.658462
80.774164 -68.883042
80.784337 -67.101941
80.784904 -66.378633
80.786816 -68.001971
80.790665 -69.895297
80.797191 -68.010872
80.803965 -68.554195
80.804868 -67.153787
80.821256 -66.754269
80.823613 -67.995594
80.828296 -68.01343
80.839807 -68.665814
80.842264 -69.78874
80.844215 -67.164842
80.871628 -69.408946
80.875357 -66.724241
80.877513 -67.94939
80.881463 -68.018865
80.885625 -68.980965
80.8888 -69.620361
80.889249 -67.40305
80.897951 -67.876977
80.899867 -68.990209
80.907204 -67.107787
80.907274 -69.648678
80.912845 -69.620437
80.913281 -69.509342
80.913873 -67.876751
80.916286 -68.942684
80.916674 -69.617127
80.923362 -69.028507
80.925219 -69.130398
80.929271 -68.940468
80.935351 -68.564788
80.935787 -71.31116
80.942162 -69.699453
80.945605 -69.039675
80.946148 -69.194399
80.952279 -67.939294
80.952422 -69.652826
80.953721 -67.021613
80.958086 -68.165786
80.958934 -67.955742
80.961074 -67.923169
80.963533 -67.981633
80.963581 -68.119993
80.972886 -71.578494
81.000879 -68.426691
81.001065 -67.925906
81.013179 -68.921657
81.017567 -68.940536
81.020581 -68.939012
81.020784 -68.710374
81.023291 -66.507722
81.026776 -71.589371
81.026818 -68.22007
81.031349 -71.869845
81.033834 -69.946496
81.03396 -66.476556
81.034264 -71.268755
81.04171 -66.503686
81.046244 -69.714312
81.049268 -69.642378
81.056285 -68.499947
81.057757 -67.456508
81.058159 -68.496816
81.059291 -67.45786
81.065094 -69.470233
81.06588 -66.487873
81.086553 -69.647167
81.087885 -71.646824
81.097853 -70.467543
81.098443 -69.651577
81.110315 -69.424305
81.116461 -67.152094
81.122328 -69.681014
81.122769 -69.483321
81.124439 -69.679616
81.141541 -69.430097
81.146708 -66.455789
81.150206 -71.562322
81.152465 -71.558643
81.172913 -69.538986
81.176962 -67.165006
81.181989 -69.831603
81.182033 -69.407281
81.182123 -69.329457
81.19276 -69.066346
81.193471 -68.475275
81.194932 -66.122513
81.199457 -67.16604
81.211692 -69.473149
81.222451 -69.315985
81.223544 -69.171637
81.226281 -69.680531
81.237751 -68.971934
81.24816 -68.325272
81.24964 -66.231384
81.25009 -67.494035
81.251482 -68.326323
81.257055 -68.492123
81.261608 -68.485947
81.263188 -66.48968
81.268147 -68.473786
81.269302 -69.676252
81.283445 -69.370188
81.283648 -69.314803
81.286652 -68.243996
81.287973 -66.396974
81.288389 -66.407478
81.290664 -68.442086
81.290937 -68.383804
81.293003 -68.421644
81.295042 -67.495511
81.297962 -66.329576
81.319764 -69.768346
81.338023 -67.494007
81.345177 -66.221352
81.351595 -68.525574
81.354697 -69.326667
81.36339 -66.237131
81.364502 -69.443564
81.365816 -69.986863
81.366527 -69.445403
81.36722 -68.14247
81.376843 -66.273047
81.378548 -69.315038
81.386596 -69.137947
81.38838 -69.257239
81.392923 -66.272208
81.394685 -68.836803
81.402142 -69.908673
81.403959 -68.905572
81.407033 -69.271373
81.408934 -68.361009
81.416594 -68.534365
81.417649 -68.905749
81.418498 -67.398553
81.424298 -66.253199
81.427683 -67.60923
81.430021 -66.410553
81.432844 -69.206141
81.434018 -66.199858
81.43621 -69.304331
81.440962 -66.327495
81.443259 -67.991179
81.443447 -66.236306
81.446718 -69.218898
81.447407 -67.983294
81.448173 -67.946021
81.448192 -69.029902
81.455656 -71.941335
81.460331 -66.235237
81.461548 -69.458745
81.46302 -71.604455
81.466764 -69.147945
81.478247 -71.600397
81.483487 -69.810783
81.488432 -66.179704
81.4929 -68.796953
81.496624 -67.15454
81.498642 -67.172134
81.505199 -67.503458
81.507301 -66.208996
81.514348 -67.415077
81.51748 -67.443918
81.521659 -66.270491
81.521787 -68.607213
81.522941 -69.371992
81.523419 -68.897892
81.525397 -68.60804
81.529012 -68.598154
81.531091 -67.986569
81.533783 -69.098957
81.535851 -68.589539
81.544489 -69.343325
81.547007 -69.096256
81.549255 -66.243397
81.550295 -68.763078
81.550515 -68.664356
81.553757 -67.620627
81.56016 -67.218922
81.561244 -68.83286
81.564895 -68.834595
81.583518 -67.509631
81.583968 -69.332589
81.585398 -69.322117
81.585783 -71.602547
81.590433 -69.324146
81.591388 -68.666744
81.593672 -69.04798
81.598117 -67.534389
81.598678 -67.572959
81.599859 -68.666164
81.599997 -71.588798
81.606311 -71.204054
81.609811 -67.634976
81.612878 -68.811932
81.61713 -67.688479
81.618503 -67.705222
81.619562 -69.299107
81.622296 -67.696226
81.62441 -67.280202
81.627505 -67.676804
81.62878 -67.261624
81.6349 -69.305634
81.63491 -67.462552
81.63712 -67.45156
81.638032 -68.81492
81.647855 -68.809793
81.660767 -67.656602
81.662784 -67.78655
81.667604 -68.573611
81.669829 -68.888494
81.670444 -67.779036
81.670812 -67.257457
81.671482 -69.32673
81.68038 -68.794277
81.686438 -71.371773
81.699204 -65.663423
81.705234 -68.428654
81.713564 -71.378951
81.715757 -67.666698
81.720483 -71.369085
81.72357 -69.118927
81.724783 -71.486614
81.7287 -68.597231
81.734295 -68.895948
81.736041 -70.013033
81.747262 -68.89754
81.750641 -71.315178
81.754046 -68.652356
81.756875 -68.649619
81.761637 -71.394323
81.765327 -66.83311
81.766105 -68.79793
81.767898 -68.960016
81.77158 -71.633146
81.776875 -71.400735
81.780962 -71.405427
81.784522 -68.875398
81.791359 -67.480101
81.793259 -67.39356
81.794201 -67.542164
81.797192 -69.653331
81.797788 -68.815542
81.801116 -67.484948
81.801799 -67.521223
81.806888 -68.772516
81.819554 -71.204086
81.828557 -67.502644
81.829205 -67.469022
81.844834 -71.40723
81.857312 -67.496629
81.863896 -67.484179
81.87558 -67.468831
81.880582 -69.925018
81.903504 -70.570099
81.905386 -67.458857
81.907949 -67.472372
81.911076 -67.402389
81.921986 -69.983678
81.929313 -67.430427
81.931 -67.440111
81.946735 -67.291613
81.950727 -71.50989
81.958113 -71.415454
81.962306 -70.654694
81.982678 -70.076461
81.987013 -69.015822
81.987431 -70.859111
81.987593 -70.886533
81.999221 -67.424782
81.999229 -68.16705
82.011976 -67.4239
82.012373 -67.409645
82.01914 -69.345264
82.020607 -68.997197
82.026112 -69.363581
82.027529 -69.115668
82.04794 -71.529208
82.053191 -67.431563
82.05607 -69.88092
82.062603 -67.436091
82.076349 -67.427499
82.091586 -67.39444
82.098172 -69.057577
82.100908 -68.539941
82.107277 -69.310017
82.121899 -69.0071
82.124436 -69.871709
82.142447 -70.945525
82.167452 -67.482904
82.16984 -68.406874
82.181175 -70.955339
82.201288 -69.052578
82.201328 -67.346702
82.204855 -67.485218
82.208367 -68.041843
82.211819 -67.358172
82.214655 -69.054061
82.21869 -70.348119
82.218907 -69.097011
82.220015 -67.296018
82.228676 -67.880395
82.232223 -68.412838
82.234805 -70.061568
82.247008 -66.32789
82.247683 -69.144289
82.266339 -69.031438
82.273214 -67.828851
82.277321 -69.074623
82.287086 -69.716456
82.287795 -70.961247
82.288218 -69.065986
82.293281 -71.018809
82.31912 -71.024732
82.339311 -69.206131
82.341476 -68.476335
82.344155 -69.879162
82.371116 -68.472966
82.375361 -68.470351
82.375723 -68.430609
82.380222 -68.670468
82.391413 -71.151493
82.393221 -67.026151
82.40799 -70.922738
82.408514 -71.060916
82.409475 -70.811857
82.41585 -70.990482
82.418495 -71.012761
82.427364 -68.473591
82.430404 -67.005738
82.431768 -68.479472
82.434678 -69.805464
82.435543 -71.079776
82.441328 -68.683983
82.460127 -70.086913
82.465896 -68.656924
82.467899 -70.087286
82.474025 -68.597637
82.481971 -70.828665
82.483064 -68.591562
82.483595 -68.47032
82.486359 -69.535595
82.489218 -66.975407
82.491608 -71.146138
82.492349 -67.75106
82.496545 -68.543353
82.504951 -66.966525
82.507542 -69.107978
82.51119 -68.568324
82.518842 -66.961685
82.531239 -66.96334
82.539713 -69.696496
82.547678 -68.508888
82.5584 -69.162734
82.560705 -68.436456
82.562124 -68.626345
82.565526 -71.456282
82.575062 -69.539264
82.575658 -69.164397
82.578481 -68.596482
82.581793 -68.605406
82.581896 -71.130637
82.582974 -70.805392
82.582979 -70.908391
82.584511 -71.127925
82.586394 -70.910146
82.587249 -71.096656
82.588781 -71.145867
82.588812 -70.902736
82.592731 -71.129818
82.599459 -67.963401
82.617547 -68.665139
82.618592 -67.28681
82.628813 -68.622331
82.629742 -68.641865
82.630057 -68.629342
82.639727 -71.187941
82.643426 -69.059058
82.646845 -71.027177
82.651783 -68.699558
82.686259 -69.202626
82.68808 -68.593176
82.694094 -71.128829
82.701102 -68.7157
82.704791 -68.488398
82.710999 -68.631832
82.711565 -68.203233
82.717003 -71.115418
82.717452 -67.334376
82.719945 -69.088695
82.721386 -68.561683
82.72211 -68.639687
82.726778 -68.574499
82.729161 -69.487479
82.730423 -68.643501
82.731994 -67.335216
82.733053 -69.119956
82.733273 -71.100912
82.733596 -69.045126
82.736344 -68.754685
82.742506 -68.592277
82.744968 -67.719383
82.75175 -68.508295
82.763554 -68.996339
82.764936 -71.054354
82.767548 -69.215327
82.767827 -69.330242
82.773341 -69.190436
82.779658 -67.547627
82.781375 -69.089609
82.781493 -68.954747
82.784249 -67.370197
82.786758 -69.026284
82.794627 -68.660464
82.799301 -67.382098
82.813923 -69.307177
82.817653 -69.306415
82.820176 -68.505628
82.824585 -69.304988
82.825119 -68.513671
82.831311 -69.304169
82.833514 -68.527569
82.840142 -69.300296
82.84214 -71.069766
82.846057 -71.09315
82.846247 -68.612301
82.847367 -71.126598
82.848245 -68.544895
82.853758 -68.913768
82.855033 -68.716507
82.863453 -69.298834
82.874432 -67.745411
82.877061 -70.963691
82.880295 -71.25051
82.881586 -68.480673
82.884822 -66.135174
82.904934 -71.126151
82.911409 -68.597211
82.912173 -71.07142
82.918662 -66.431169
82.918956 -68.379184
82.927182 -68.58162
82.927359 -68.546403
82.930267 -68.034764
82.935715 -66.355032
82.941889 -68.502471
82.945048 -68.498367
82.947107 -67.761675
82.952883 -67.757941
82.954863 -67.359715
82.95931 -69.419642
82.967071 -68.999472
82.974676 -68.923881
82.974818 -66.163604
82.976104 -68.441484
82.976677 -69.518351
82.977181 -68.444658
82.97766 -68.988706
82.983281 -68.531003
82.985628 -68.64908
82.987939 -68.425716
82.989573 -68.43082
82.994583 -66.426773
82.997793 -66.428726
82.997915 -66.463524
83.002457 -66.420669
83.00855 -66.367776
83.016442 -67.715948
83.024731 -68.402113
83.027445 -67.774693
83.029758 -67.714211
83.036695 -67.667804
83.042888 -66.413445
83.04625 -66.415127
83.047708 -66.167214
83.048239 -68.45502
83.05045 -67.737983
83.058723 -68.826033
83.059287 -69.203434
83.060156 -67.755501
83.060525 -71.223568
83.062385 -68.639888
83.062518 -69.289885
83.063022 -68.930306
83.067342 -68.670846
83.074639 -69.73879
83.076004 -66.381558
83.077001 -68.942196
83.078819 -66.16189
83.079834 -68.700062
83.081585 -71.223042
83.083419 -67.671163
83.085953 -69.783756
83.086376 -68.666249
83.086671 -67.358985
83.091825 -68.414607
83.093091 -66.459567
83.094987 -66.452466
83.10262 -69.569892
83.103942 -68.651279
83.107753 -66.485661
83.108735 -68.656476
83.117153 -67.694337
83.120062 -68.235795
83.12338 -71.224905
83.135105 -66.453634
83.138736 -67.551148
83.139148 -66.452063
83.145531 -68.452724
83.148053 -68.632478
83.153443 -67.673019
83.157886 -66.469957
83.160851 -68.422629
83.163344 -69.531847
83.164539 -69.25487
83.164597 -69.51341
83.174917 -68.438668
83.183507 -69.501648
83.194175 -67.174304
83.205424 -69.510268
83.212493 -67.681926
83.214897 -67.678518
83.214906 -67.683081
83.217526 -67.685399
83.220603 -67.505463
83.227214 -67.706965
83.241449 -68.373615
83.243166 -70.966694
83.274968 -68.937204
83.277336 -69.76421
83.281513 -68.973604
83.288986 -67.437237
83.302153 -69.913837
83.312425 -67.774058
83.312535 -69.139618
83.324061 -69.837771
83.340184 -67.439916
83.351658 -69.084443
83.360113 -69.593422
83.377751 -69.87698
83.380717 -69.877462
83.390721 -66.039139
83.397265 -68.550762
83.399939 -67.431842
83.400557 -68.709319
83.403183 -67.813017
83.416849 -67.413183
83.4246 -68.675147
83.425943 -67.504496
83.429526 -69.841388
83.430294 -68.343302
83.441899 -66.46986
83.442224 -67.51837
83.458038 -69.145114
83.463811 -66.26014
83.46726 -66.532951
83.472481 -66.723272
83.478996 -69.578929
83.515904 -67.649765
83.526943 -69.6167
83.528171 -66.508398
83.528539 -69.784828
83.533928 -69.775838
83.543405 -67.424828
83.547026 -68.421803
83.549835 -69.280539
83.558477 -69.04716
83.566861 -66.231472
83.572257 -69.363708
83.575951 -66.090254
83.591648 -69.613687
83.592964 -67.449949
83.601558 -68.962945
83.617762 -69.458149
83.618148 -69.779531
83.628613 -68.585888
83.631354 -68.587125
83.633682 -68.541083
83.634501 -68.588075
83.636149 -68.938993
83.643873 -69.714891
83.645308 -68.319062
83.649847 -69.855512
83.653678 -68.568566
83.654696 -69.707647
83.659496 -69.801993
83.661082 -69.80286
83.662695 -68.375504
83.663355 -69.689097
83.666673 -68.858277
83.667544 -66.23063
83.669335 -68.368131
83.669466 -68.364676
83.672002 -68.566178
83.674451 -69.80697
83.67506 -69.522112
83.679998 -69.756866
83.681939 -69.719953
83.685941 -69.752204
83.695539 -68.280811
83.700281 -67.272679
83.702871 -67.452108
83.706984 -69.722048
83.711545 -69.740521
83.719549 -66.250391
83.728765 -69.061631
83.731517 -66.181843
83.73478 -69.709649
83.737071 -66.210853
83.750973 -69.041005
83.761523 -66.146737
83.763939 -69.066622
83.764105 -69.333564
83.775891 -67.625326
83.780546 -68.095238
83.789328 -66.595534
83.790939 -68.931813
83.797017 -69.191344
83.798418 -68.996797
83.800287 -69.382623
83.803923 -69.217048
83.804086 -69.619706
83.809064 -67.554578
83.825441 -69.128292
83.827704 -66.232393
83.837492 -69.153818
83.83809 -69.501455
83.838837 -67.787162
83.844584 -69.245706
83.84597 -69.49777
83.850268 -67.58176
83.852583 -69.096154
83.854201 -67.625687
83.854673 -69.19988
83.860189 -66.206392
83.861166 -66.044167
83.863021 -69.661627
83.863048 -66.059472
83.867283 -68.937486
83.867993 -70.66306
83.874932 -69.966422
83.877686 -69.071897
83.882019 -67.733153
83.884637 -67.547144
83.88488 -70.017511
83.890551 -69.935263
83.897603 -68.740149
83.901232 -69.204288
83.911354 -68.425708
83.911721 -69.51018
83.912589 -69.777486
83.919211 -66.034469
83.920122 -69.503013
83.922719 -69.699003
83.929522 -69.348984
83.932171 -69.764684
83.93428 -68.96832
83.941989 -69.505711
83.949844 -66.047049
83.954862 -66.025506
83.955421 -69.500527
83.957703 -70.828349
83.958718 -67.185176
83.959799 -69.406163
83.959992 -69.175988
83.966754 -66.035167
83.967897 -69.33053
83.970293 -68.703112
83.974254 -69.240991
83.97601 -66.476543
83.979235 -69.649721
83.986427 -67.548019
83.990935 -69.527162
83.992161 -67.225922
83.998108 -69.224064
83.998968 -67.508125
83.99965 -69.251334
83.999707 -67.578905
84.002256 -67.547054
84.004016 -69.706334
84.007552 -69.656582
84.011689 -67.542137
84.012272 -66.598682
84.01288 -69.659704
84.021651 -69.325143
84.024588 -69.693699
84.026496 -69.681014
84.029249 -69.235373
84.029384 -69.542532
84.029573 -69.315581
84.032345 -69.112317
84.033296 -69.542868
84.034565 -67.313285
84.042228 -67.510754
84.047347 -69.246656
84.047729 -69.305914
84.052778 -66.215877
84.056994 -69.247468
84.060673 -69.030254
84.062095 -69.293989
84.062935 -69.848153
84.064464 -66.840502
84.065702 -69.53112
84.071788 -66.511242
84.077051 -66.834474
84.084506 -67.646797
84.092846 -67.187268
84.098302 -69.315234
84.104661 -69.697963
84.105554 -69.30651
84.105712 -66.168761
84.116603 -67.331657
84.118167 -69.276406
84.120158 -67.775487
84.128695 -69.304729
84.130013 -66.404935
84.13494 -67.2298
84.145998 -69.246744
84.147565 -69.33157
84.151819 -66.610799
84.153342 -69.706239
84.154433 -68.994076
84.156656 -69.140432
84.16189 -69.777933
84.166851 -69.597694
84.168085 -66.358856
84.170637 -67.458697
84.172131 -66.920513
84.173692 -69.149949
84.177709 -69.232619
84.179499 -66.95921
84.18242 -67.766308
84.184371 -67.470116
84.191087 -68.990934
84.198806 -66.368896
84.20337 -67.073439
84.205609 -66.958514
84.207897 -66.954599
84.209631 -67.494432
84.211732 -66.465808
84.215938 -69.219494
84.221778 -70.848617
84.236662 -67.566017
84.239733 -66.364036
84.239891 -66.848196
84.245921 -66.963766
84.247456 -66.851971
84.247771 -66.359609
84.249444 -67.443304
84.249687 -69.328328
84.252237 -69.761929
84.257302 -66.3859
84.257613 -68.239993
84.259165 -68.237624
84.259999 -69.994913
84.264929 -68.222073
84.267417 -66.368338
84.26911 -68.245609
84.270617 -69.794575
84.281685 -69.616567
84.281751 -66.502442
84.281987 -69.098919
84.284495 -66.298028
84.287451 -69.558063
84.28866 -69.740116
84.288718 -70.009803
84.29239 -66.577815
84.29398 -66.366219
84.303975 -69.281711
84.30886 -66.449537
84.310044 -67.546277
84.310747 -67.461088
84.314479 -66.36054
84.314894 -66.320572
84.318509 -66.448135
84.319253 -69.906055
84.320105 -69.305714
84.322008 -69.048717
84.322568 -66.635269
84.325563 -69.774427
84.328049 -66.332385
84.334694 -69.215075
84.338408 -66.358896
84.339553 -66.588517
84.342777 -69.589338
84.3431 -69.209944
84.347264 -66.445975
84.359604 -69.063078
84.363249 -69.062104
84.367374 -69.146876
84.372016 -69.35938
84.379408 -66.640529
84.380421 -69.361931
84.382404 -69.129992
84.385311 -69.360621
84.386801 -67.506853
84.387287 -69.205101
84.388171 -69.888782
84.390214 -69.339215
84.398593 -69.299479
84.404288 -69.579268
84.405657 -69.576051
84.408122 -68.744815
84.411746 -69.366284
84.43118 -66.342085
84.457414 -69.185306
84.461945 -67.117968
84.46249 -69.298732
84.46815 -69.721096
84.468614 -69.685897
84.473579 -69.704861
84.474483 -70.292168
84.477704 -69.576819
84.480894 -69.333356
84.482125 -66.671674
84.48643 -69.334553
84.494514 -69.109475
84.499726 -68.874739
84.502351 -69.052585
84.503229 -68.935297
84.5071 -66.651796
84.513129 -69.005178
84.51496 -68.69008
84.517374 -70.329414
84.523265 -69.533276
84.526207 -68.856131
84.530564 -69.484
84.536798 -66.677145
84.53893 -66.681091
84.539086 -69.242422
84.539226 -69.278249
84.541588 -69.192794
84.542329 -70.631525
84.544448 -69.580598
84.549495 -69.14575
84.554462 -70.769916
84.557747 -70.148716
84.561482 -70.397952
84.566715 -69.873743
84.567767 -70.701106
84.567837 -70.699342
84.574932 -69.507451
84.58231 -67.750252
84.584062 -68.939193
84.585245 -70.682402
84.593962 -70.687138
84.59701 -69.484654
84.601293 -70.669599
84.601466 -67.746072
84.604437 -69.47456
84.608971 -69.19779
84.612858 -69.27951
84.636381 -70.144787
84.647103 -68.796648
84.657106 -68.948387
84.66007 -66.129399
84.663084 -69.747918
84.66351 -69.827436
84.663696 -70.163174
84.667684 -69.420862
84.676745 -69.243083
84.677275 -70.194884
84.682803 -68.968057
84.684894 -69.41539
84.685199 -70.421106
84.685956 -70.071555
84.689974 -69.232794
84.694685 -70.297192
84.698764 -69.574006
84.700473 -67.749876
84.707931 -69.111656
84.708758 -68.874437
84.715113 -69.014796
84.718275 -69.936789
84.722292 -70.227647
84.735777 -68.803305
84.736165 -68.61252
84.739529 -70.22909
84.744276 -69.238832
84.748694 -69.145226
84.750577 -71.033526
84.751054 -68.913214
84.753589 -69.66147
84.758839 -69.197619
84.764004 -70.761397
84.764121 -69.134678
84.767397 -69.900251
84.768354 -70.329459
84.770218 -69.496742
84.781845 -66.76786
84.784978 -69.184598
84.787371 -70.800419
84.800392 -69.581006
84.805889 -69.024844
84.809177 -70.345487
84.813372 -69.580338
84.815252 -70.224064
84.816585 -69.510919
84.816756 -70.07382
84.82536 -68.909408
84.827552 -69.028839
84.829355 -69.009369
84.840415 -68.928841
84.845927 -69.561523
84.846743 -68.634081
84.846764 -69.541312
84.864652 -69.939537
84.87192 -69.461315
84.872792 -69.788586
84.873648 -69.725798
84.876474 -69.726485
84.877349 -69.620675
84.877514 -69.311836
84.879808 -70.20452
84.881186 -69.309607
84.88292 -70.20594
84.886679 -69.734999
84.895144 -69.479222
84.902468 -69.073585
84.903929 -69.759543
84.904884 -69.855452
84.905771 -69.770928
84.905917 -69.757105
84.914031 -69.29842
84.916523 -69.733745
84.916587 -69.947042
84.918256 -69.218983
84.921913 -69.48777
84.925504 -71.179175
84.934575 -69.985591
84.941884 -69.802622
84.944245 -70.78412
84.94934 -69.477352
84.949893 -67.306826
84.950491 -71.068004
84.951522 -68.991946
84.953995 -69.974043
84.957935 -69.44906
84.958399 -69.586683
84.960794 -68.955707
84.961464 -70.221252
84.962153 -70.133828
84.964232 -69.897483
84.964795 -70.23582
84.965397 -69.770941
84.968115 -69.029545
84.981647 -71.166397
84.984905 -69.210538
84.988743 -70.174938
84.989208 -69.501076
84.98999 -69.58887
84.990404 -69.45599
84.993345 -68.838023
84.994719 -69.585681
84.997549 -69.624797
84.998046 -69.829435
85.001244 -68.482357
85.002112 -69.787201
85.002272 -69.800667
85.003956 -69.070667
85.004177 -71.210424
85.00803 -69.454588
85.008256 -69.80266
85.009244 -70.452658
85.009409 -69.468231
85.018918 -69.743288
85.01904 -69.958368
85.019379 -69.312224
85.019891 -68.788191
85.02072 -69.542154
85.023261 -70.248654
85.024787 -71.56162
85.032125 -71.568604
85.032239 -69.576125
85.032469 -71.21347
85.04049 -70.001663
85.041733 -69.969231
85.043678 -69.27777
85.050246 -70.168067
85.057077 -70.165809
85.061144 -69.173469
85.063763 -69.886524
85.064311 -69.939891
85.065854 -71.199928
85.069779 -71.044763
85.073334 -69.374398
85.079372 -69.312607
85.080882 -69.871587
85.085952 -70.689933
85.096071 -69.61103
85.099647 -67.487593
85.101423 -70.133438
85.103017 -69.671246
85.105467 -69.66975
85.10566 -69.148184
85.105698 -69.640814
85.10787 -69.346263
85.113599 -69.482121
85.113674 -68.928241
85.120522 -70.770355
85.123863 -68.946425
85.125347 -68.92965
85.125767 -69.98574
85.127129 -71.01729
85.128687 -69.68148
85.133273 -70.508695
85.13515 -69.599129
85.136572 -69.006249
85.136977 -69.522248
85.138766 -69.6134
85.139994 -68.857545
85.143381 -70.523952
85.14418 -69.248144
85.146245 -69.825606
85.154259 -69.576753
85.156112 -70.020444
85.157379 -68.959052
85.15845 -69.340422
85.160276 -69.430012
85.175016 -69.274777
85.176133 -70.043964
85.179372 -70.186003
85.180541 -70.480586
85.182443 -70.553958
85.182603 -69.43205
85.184981 -69.434518
85.18708 -70.468313
85.187545 -69.430346
85.18818 -70.154154
85.189778 -70.187723
85.193205 -68.499993
85.193443 -70.189071
85.197091 -68.934274
85.197973 -70.190451
85.201291 -69.189352
85.202523 -70.170602
85.202981 -70.053161
85.207422 -70.169937
85.211058 -70.665551
85.221778 -69.535599
85.22367 -70.048487
85.225346 -70.235587
85.225561 -69.643894
85.228825 -70.580008
85.232635 -69.641529
85.232859 -69.679472
85.234143 -69.725732
85.237038 -68.927627
85.239233 -69.601565
85.246117 -70.733952
85.249949 -70.553297
85.251785 -69.691321
85.257203 -68.931185
85.271876 -69.418407
85.272953 -68.949641
85.274379 -71.325584
85.274387 -69.420319
85.276729 -70.393765
85.280388 -71.284141
85.283507 -70.650572
85.285764 -70.547662
85.287104 -70.642471
85.289429 -70.966204
85.308014 -71.323875
85.316571 -69.068326
85.317317 -70.265032
85.326224 -69.448883
85.32833 -70.930037
85.341249 -68.997569
85.343105 -71.28868
85.354477 -71.259229
85.35821 -71.29844
85.360086 -69.43084
85.367106 -69.419425
85.371307 -69.512739
85.374423 -69.179831
85.381505 -69.548803
85.405523 -71.317685
85.409944 -71.31974
85.412585 -70.36912
85.430569 -71.356389
85.436351 -69.500247
85.439467 -71.330732
85.440423 -66.976752
85.445518 -69.679672
85.450394 -71.344247
85.45613 -66.998284
85.467993 -69.722306
85.469629 -68.629729
85.473856 -69.771577
85.477636 -71.134637
85.478419 -69.699368
85.478826 -69.741307
85.482772 -68.991077
85.485132 -69.222301
85.491833 -69.162686
85.505759 -69.749329
85.510035 -69.701196
85.514088 -67.986051
85.514312 -69.574943
85.522244 -69.708706
85.548252 -70.497577
85.551905 -67.392608
85.552061 -70.464878
85.558609 -69.152328
85.561998 -66.667442
85.566944 -69.048578
85.571867 -69.544676
85.574192 -69.685455
85.58377 -69.598243
85.588277 -70.512818
85.59108 -69.767341
85.604084 -69.584773
85.61084 -66.70098
85.61243 -69.046089
85.615034 -71.309401
85.622876 -69.111096
85.630668 -69.111897
85.636414 -69.716991
85.638225 -69.04321
85.640663 -71.291068
85.642109 -71.300872
85.644825 -70.458586
85.645606 -69.719347
85.655199 -68.956453
85.666327 -71.308277
85.670802 -69.040295
85.699714 -69.050259
85.703909 -69.745689
85.708364 -69.794281
85.70889 -69.543848
85.709614 -69.737395
85.711408 -68.974065
85.711837 -69.060057
85.71713 -69.33554
85.726838 -69.085362
85.735304 -69.314201
85.735663 -69.87556
85.73885 -69.751065
85.740304 -69.800751
85.740518 -69.275626
85.745318 -69.77482
85.755322 -69.335438
85.758723 -69.848655
85.77709 -69.753676
85.789529 -67.834061
85.793226 -69.810843
85.795035 -67.830364
85.796053 -69.032385
85.796744 -69.640736
85.798091 -67.81859
85.79974 -69.186012
85.800093 -71.236227
85.800976 -69.318686
85.801538 -67.820885
85.809647 -66.341402
85.810624 -69.023347
85.818931 -67.837478
85.829655 -69.033916
85.833491 -69.440925
85.83545 -69.774787
85.851167 -69.639669
85.857442 -69.435269
85.866462 -69.409465
85.869393 -66.306887
85.870591 -66.334263
85.876511 -69.41291
85.890756 -66.304694
85.891031 -66.302844
85.89314 -69.14841
85.895917 -69.474843
85.895987 -69.072057
85.899423 -66.409906
85.903028 -68.465413
85.911383 -66.350521
85.91798 -69.255208
85.94752 -66.284756
85.953425 -69.341422
85.954789 -69.788713
85.958919 -69.266009
85.958957 -69.74609
85.963618 -66.293959
85.965171 -68.349872
85.966288 -70.223098
85.97018 -69.077512
85.981986 -68.988236
85.985924 -69.352703
85.997842 -69.63142
86.002242 -69.252952
86.011676 -69.225563
86.012697 -66.286484
86.022571 -66.302103
86.025253 -69.496278
86.026687 -69.311987
86.049886 -69.640766
86.050679 -69.685517
86.050842 -69.378102
86.051359 -69.299756
86.052035 -68.765295
86.087196 -71.445209
86.08775 -67.400147
86.088795 -67.425484
86.090851 -67.402776
86.095438 -69.701196
86.098204 -69.271062
86.098351 -69.277311
86.100956 -71.100797
86.101757 -69.526597
86.102956 -69.384449
86.104777 -68.973908
86.107223 -67.663062
86.137737 -69.427521
86.140107 -71.493951
86.14193 -69.47829
86.149195 -69.420069
86.160725 -67.366142
86.161756 -68.498792
86.165182 -67.34584
86.168846 -67.29479
86.176756 -67.297259
86.184706 -67.333951
86.188429 -66.25058
86.197874 -67.275645
86.210096 -69.384209
86.210876 -69.851218
86.241 -66.573316
86.247701 -69.558293
86.248657 -67.143177
86.281758 -67.332828
86.301376 -67.127572
86.305058 -69.533377
86.313423 -68.291979
86.31417 -69.811271
86.315659 -69.809743
86.32012 -69.630606
86.321091 -69.788594
86.32859 -69.549402
86.330213 -71.217208
86.334096 -69.778986
86.342939 -67.372025
86.351292 -69.836146
86.360143 -67.127392
86.366199 -69.772854
86.370948 -69.570162
86.389354 -69.832235
86.416999 -69.630156
86.430191 -67.164568
86.437882 -67.157849
86.437948 -69.76688
86.449081 -70.118668
86.454728 -69.108379
86.554749 -68.568784
86.565122 -68.113931
86.56554 -69.134145
86.568571 -67.217541
86.598975 -69.604835
86.615035 -67.185455
86.620869 -69.586746
86.730992 -69.164459
86.748089 -70.667348
86.765809 -69.095223
86.786386 -69.542693
86.799069 -68.620273
86.871774 -67.70035
86.879421 -67.863885
86.897547 -69.791993
86.908352 -67.9245
86.939617 -70.151757
87.012531 -69.916121
87.013716 -69.885891
87.038968 -70.031626
87.039243 -69.882925
87.053229 -69.877961
87.074858 -69.8887
87.076069 -70.019241
87.109421 -70.14701
87.112358 -70.130521
87.128265 -66.373677
87.139838 -70.236986
87.158979 -70.09711
87.173844 -70.059806
87.207963 -70.058556
87.213138 -69.985406
87.215495 -70.055736
87.219068 -70.047349
87.229204 -70.086282
87.232743 -70.096608
87.237897 -69.958589
87.24028 -70.095866
87.25831 -70.053663
87.273525 -70.051842
87.283817 -70.045931
87.316041 -68.967668
87.320733 -70.052344
87.434873 -69.343332
87.442713 -69.572403
87.485642 -68.286587
87.499174 -71.166117
87.570478 -66.815872
88.127582 -68.870166
88.362622 -66.880082
88.437675 -68.350716